-3.224759519506361,4.418978466008187,4.584761462045473,-0.15616924893434092,-1.8377068839771407,109.31979138252913
-3.5386708675652594,2.0363539596001416,-3.891706443812968,-0.15179868569738098,1.3592343613535949,76.42889332966939
3.2586416266740494,1.8741861827529878,-0.014733618654012126,0.8888010547210596,2.2502833393352626,45.89688873717453
-2.4729795948810356,0.47316295579809875,-0.9491677973509605,-3.3076774536403297,4.80903583566636,101.44843229039063
-2.078532023217277,-2.172223325491155,-3.9301804278159396,-3.25911513312073,-0.05847277856862565,53.795290783547486
3.0210066806041036,2.426485221979621,0.04341172476009447,5.080148993285955,2.356509917057102,83.2311742415381
3.5836364744183884,1.8727260084745527,0.9025856253360391,0.8981772257222147,2.2583171439494594,59.067760128067604
3.2635035602076785,3.1858752377123603,-0.011847277415859558,0.9097153253907653,2.2943005575322264,58.15997392408847
4.991531529272534,1.815358778977366,-0.03982742608683143,0.8881711495331421,2.249166576125914,52.709827398872704
3.1781550448651528,2.5243036100950658,-0.03108935127659329,0.8884171154803369,2.249711465652,60.37616809749359
3.136713234000575,1.8680199051194837,-0.038068311108341746,0.8883627716130373,2.2510677696251067,38.61280476783229
3.1197285030695925,1.8666963866208155,-0.03991129298769103,0.8882886552509408,0.4487077115647926,42.37699925801422
3.0802446420888883,1.8588533953908657,-0.04377897124500585,0.8297067857274154,3.3271232683882284,49.86202964067181
3.147200614724823,1.8683443674940632,0.0788995947845903,0.8783448056123566,0.42018382513184704,44.315705424668614
3.1029250484252637,1.862083972667925,4.042153928952888,0.889410601642644,2.2759142287461653,55.23827232436268
3.0644431854797594,1.8644276575530583,-0.5094928169051727,0.9004680755988934,1.9968688330540951,44.024058889331265
3.1339357331465996,1.8671974748302542,-0.04875793916589455,0.8890910999819583,2.3253422451608774,43.48493055548755
3.0057226395747163,1.8596688769131156,-0.5330031313351347,0.9294811260931768,0.5665079168056586,57.500898027816454
3.150633800541944,1.8621937908395987,-0.0267696609600101,0.8744685814546527,3.8193921671995694,45.29249768685498
3.0558869524179935,1.8088991706132127,-0.07176485151899037,0.8957532026809734,2.195945851422441,34.97125927603269
3.003569319659051,1.7181442126950488,-0.6312209944570721,0.8854290949613288,2.196658138384934,55.95317503684471
3.0581727267376904,1.810901502003702,-0.06730304942005993,0.8954832709141707,2.184239198942209,34.081291087451056
3.0598609494797033,1.8119493344914126,-0.046732141953454764,0.89327802160091,2.054270049289433,27.739215852607956
3.0599236728054775,1.8118224045717906,-0.043746262880277165,0.8925655484348374,2.031267707125272,27.244343304877777
3.0635505617618,1.8145778506894512,-0.04042753588126757,0.888059412315453,2.0178690665242174,27.13666409474898
3.049398196575102,1.804332458116554,-0.04293420283057081,0.9049158257740748,2.004079657610532,26.61854209970066
3.035495484988325,1.7939031179082532,-0.040780357678778856,0.9205995083384098,2.0009646498684894,26.354866143413627
3.0359943926896475,1.7883489510205068,-0.010754459598267374,0.9260590785264924,1.977704620449721,26.233538721742974
2.757954062730776,1.859970816366686,0.833568179639844,-1.187847432449518,4.181184352232704,60.77176118837566
3.0134905297975285,1.7751407967220993,-0.0455916073610112,0.9728788380249762,1.9230878729154472,27.039372226821364
3.1062607347367743,1.7379281399421185,-0.9401415568811942,2.058341505203522,5.072392791384744,58.80418019701282
2.161078886272559,-5.0596571748501,5.012432083532057,3.8574695765462215,-4.630145633475168,117.72496174341879
3.0154591002141418,1.7833260130251425,-0.027303524572045212,0.9406894252963198,1.9923830671958127,25.941564929727008
2.9991877048890005,1.7855607104999898,0.004518132848901679,0.9476879049011151,1.9884246470158597,25.385443291402893
4.802095783613926,-4.116349321397468,-4.720527720608439,-4.8086030658482795,-4.3713793230670674,149.0096729627905
3.2568524489150183,4.7274077815195,0.14971620619497372,0.9387363248683016,2.526904782213693,86.7864703318511
2.9736004851111764,1.855199355259308,-0.034373800025609746,0.911843882551743,2.0395027265123638,23.3085490718672
2.952576954768669,1.9998872539746833,-0.13334110097901242,0.9500366100936652,2.0913744409643877,23.853197100491386
-5.026554814869993,-4.9296296699046005,2.7782601873727266,-4.33417272164329,-4.369923497272643,136.3892944766884
2.4470341844355987,2.303787549454828,0.6059846972267087,1.433245486505375,3.684066436174038,111.07803646213051
3.685695655212167,1.6539834037162802,-0.5394984282674367,0.20714000951685296,4.175084448847437,96.18808749824932
2.9120164484833397,2.233147678799961,-0.20774429990109944,0.4720192426336407,-0.8262119716678873,57.462311893810956
-2.1055578329502214,-3.7402720640985483,-4.803701341833621,-4.489181971427378,-0.5197456328310999,121.24182152961326
-1.9636546297161628,-1.090199131727653,-3.233602650261941,-2.348874101869616,0.15195289379968457,51.87788855325058
-2.809275618545927,-1.2351445514066297,-4.264991803388561,-2.849204184020139,1.0056436937658377,67.27565093987091
-1.2570123661183779,-1.7551354585420116,-2.70526371933228,-2.646274330684182,-0.7849653777910781,76.37610785949651
5.12,1.4796540935944025,1.3373396012920935,2.000899123761555,2.1043878173944552,78.54449487890457
-1.6228679020235295,-0.44019065779571953,-3.12168994188211,-0.7931415361296494,0.8490109351962802,64.66799202702275
-2.7653026579098863,-0.20546634873539915,-3.095537415122071,-3.0683241844998754,-0.7613518803544812,55.48692817227566
2.9273941128926717,1.8739108215776925,-0.05872083502737624,0.9571339242598995,2.0346450937173346,22.41011534897421
2.9747492730046057,1.4075258948653833,5.12,-1.2237168807510623,1.9128693992839887,73.21366147390188
3.0695477213935165,2.304768193098308,5.12,2.941919445189929,2.2355753372621407,81.37824646571369
-1.6488831980425314,-0.38791522221593233,-4.577934168411499,-3.1295736916192496,-0.5469302893170145,109.00387389125794
-2.9485606024255957,-1.2685932032453269,-2.4301191735238867,-2.4878506887068608,0.14127088483975836,76.81136066829212
2.928959215382391,1.9157093675165804,-0.04173335871118322,0.953320041009829,2.011412536871277,20.34940095643701
2.9228837316535,1.9428081644079613,-0.034395158050288366,0.9631261377001037,1.9943739717624336,19.5199477457786
2.913284824703152,2.000324206997428,-0.023440462763069547,0.9864129869793041,1.9937393904870806,19.03745549570774
-3.5320177427097255,0.9611755903357482,-2.4391973774718947,-3.6338045046264016,-1.8110241604106938,98.13478509955407
2.9036955885905558,1.9998504150541931,-0.004956184469503633,0.9437288170214755,1.9637315422929271,19.835207226666174
3.1825704286102026,3.0140011782970513,-0.05328192980055846,1.7720586591130782,0.35936623873859386,53.929821525681994
-4.343579651675743,-4.160262390630078,4.538076097368061,4.880420564350852,4.671758617761857,159.74274524731322
4.038224616049363,1.7854528484160435,-0.31290151980681724,1.5641490376727276,-0.27687631761385845,74.92352222130873
2.5386873199695073,2.5797383366663293,0.0704791714527051,0.03578948715493535,0.43571835506870915,72.18481175550313
-1.6374483367005315,-2.208511216081129,-3.409952616124029,-2.4300748510090093,1.1570786493335383,92.32980530063527
2.630903697375187,1.3823664617040095,2.0183558500936662,-4.268464594340358,4.927418494233641,101.84620278660299
2.4795658981220745,1.6980995779898844,0.1828536548296711,2.514939517963289,-0.31913793502105836,88.6830116906518
3.8597652377468963,2.631902522442135,3.2741734966697225,-0.23334412683197936,2.405236704909811,97.52707860862361
2.455373187816094,0.5539334489066743,3.6990727974695536,1.374895709664754,2.275078499674154,107.90708071077877
3.1038250437606996,2.2897794569413703,-0.5110472488683282,-1.533220542410188,-2.478189752425277,97.82218809943059
2.641228636781971,1.2745529977757757,-2.01156363046193,3.719573657775645,5.12,95.1845743320932
3.015306408240389,1.994590449202514,-0.010795564645400546,1.2352840160718008,1.975698264331566,27.767905830681695
2.977077609183639,1.9944529076109552,-0.018203553098697256,0.9922859360860246,1.983367594492612,18.00079272620085
3.4879068590333953,2.702301673830247,-0.15541923517586298,0.8286916738538466,0.6143002983739336,80.66538168604896
2.928973163869295,1.237807463289239,-0.057916998301734246,0.6027640675015364,-0.027107778441247454,39.47894855197731
3.1410446959345366,0.4589951636109548,-0.01630515833805113,0.10909828929838028,-0.4070259780371295,54.25408243154922
2.265491992429486,1.1604361582864477,0.16373357288351187,0.5332775941104604,-0.35341094262291506,63.225238764797766
3.0478545323357276,4.1322912209141185,-0.08319988415792512,2.4411220441839143,0.11897299177062415,59.37955914997421
3.6752363704449733,-0.9239762538553382,-1.2511003451542395,0.3237388906249814,-0.18055707104829288,62.0219443749532
3.3524014701428912,1.321552275794124,-0.18173398730569357,0.3709665813731,0.18438401627993706,72.25851173159796
2.8516786438663004,1.5754702967516847,-0.016791411454381233,1.0941405265286708,0.009307071150512769,36.517106164387975
2.9331294447863447,0.7916723161665278,0.036056671795653195,1.0607942267757577,-0.06491311256157495,20.438560450960477
2.963664196296846,0.20855672852783336,0.06086259924117954,1.2268363537251137,-0.14540803864007756,31.204880446806563
2.945286492052884,0.7107338954564328,0.3705802494211836,1.089070637519698,0.14963241485459466,46.054025346077296
2.920275744338963,0.6903691850524964,-0.35839924962817626,1.1334804739716127,-0.4118681340066246,63.59333104011793
2.843223516477255,0.686701010702949,-0.05804594890729042,1.0332161705421008,0.22150856109094086,37.114561180210075
3.132357912535725,0.7838348903389605,0.1746949023269826,1.0302999118133291,-0.3924011612937388,46.2495393950192
2.77205211541063,-0.9458907962227752,0.22440840928680217,1.003686198480291,-0.3101650475925881,41.0166849381287
3.0389886705474707,-0.8782225361491118,0.1624807203285732,1.830934502769062,-0.10920195523832099,28.65122929869177
3.3748992319654034,-1.5629961452737375,0.15434138140703801,1.7824284323847248,-0.09885288275474657,67.52615042178039
2.7580886522494668,-0.5475582124599994,0.19739636191073107,1.833031201550325,-0.15767978191779264,56.669884038476624
3.2471585986769886,-0.6264385812170472,0.08006398812625815,1.5212618011053802,-0.03814723256346397,61.52255569177807
2.964374372079315,-1.1837965414466334,0.21216291841329316,2.086532345044941,-0.1931839530028432,36.425991349249
2.6117235846000613,-0.8937946554654603,0.3529771325007536,-0.11756477136952181,-0.6920842808545009,60.21185761200899
5.12,2.471382475849169,-1.0645442543721053,1.4850262810655126,2.336587350060478,99.61232184091756
2.924736219596217,-1.1674458268447294,0.1826036631765735,1.704649204875901,0.1399648344328197,41.34162475036914
3.0353901452408882,-0.9771919876365676,0.3649151891721125,1.7209590996183683,-0.44363695219503274,61.61205046958558
3.0896824354831987,-0.8818642645212096,-0.0888343834489067,2.2573685050016925,0.047132557262419716,32.02214790354705
2.557457252974724,-1.2309974003365811,-0.2937445344278675,0.7816749685665085,-0.28687753011298867,70.03319293306362
3.1002376178030895,-0.8525844786293746,0.2147566143467312,2.162440758959564,0.10277203903939824,35.57028966557952
4.3068114512196916,-2.030720147096058,-2.4957372209049873,-0.5536564741480534,-0.29016823025148764,94.90245485320432
-3.9375081460756727,-2.250858657550704,-0.5191618777940983,4.9394381975194195,-4.399202161057396,114.10935309595592
5.12,-3.1298772419550254,5.12,-5.12,-5.12,128.6438948112018
3.0091906418552883,-1.5710287257658657,-0.5495154602233843,2.8146113925313285,-0.42037401760171456,83.30654231799588
2.9620665004532087,2.0746010418981644,-0.08098676427126517,0.9845563243555819,1.9166784831029124,21.742039180878592
-5.12,-5.1196027217325675,5.12,-5.12,5.12,144.60243590576835
-4.409653288079251,-4.638765979590188,-4.078972063449735,4.5024620715451045,5.016524417415522,159.1629188261507
2.7938210303554927,4.048809779519954,-0.0913173241741676,1.2450970243963866,-1.2894414981644569,58.91369319098615
3.660914407199871,5.12,0.7032586983260591,2.297391235518025,-1.7665186966484332,101.32248533605042
2.115546282677842,4.425651154899824,-1.2445534504917157,1.4430471331343089,-0.6725182492470463,93.29837177117741
-2.5945116590033273,-1.8472101608138587,-3.6525699120231705,-2.5078589698156724,-0.635086698757771,105.07380508217103
-1.9949517177553755,0.0022036101310813905,-2.788357871242537,-2.5550555386200995,0.2416516452540849,54.84396096293827
5.12,1.4736355426834216,0.4515150431264576,0.023055013841634775,2.3140151223633953,90.07738633019552
2.836447168842552,2.8305985698093084,4.750775471262441,0.7604624460203446,2.2036776345789244,80.46793128953121
-2.0818353867999555,-1.62313367540925,-3.3862180025965745,-4.039490173836405,0.3244999103598971,85.67406200818212
-1.9352045330435077,-0.2645505521568383,-2.9029636748447314,-1.670532724942753,-0.2768170140199988,55.106796175378875
-2.738061832746208,0.6815099968451444,-3.117939300441136,-2.2107674669236173,-0.14955837121877735,61.79584596504937
-1.3923090583491033,0.7458833328174066,-1.9238337262491778,-1.7778405688153502,-0.09173060851508907,48.41911840268681
-1.4467150156972628,1.1872768598169943,-2.1795083509411928,-1.2286951909809862,-0.8587069868329653,54.17313352390264
-1.1332536383889185,1.4537935240651256,-2.531563236724232,-1.7823810954952526,0.2477851377591085,73.5756356053949
-1.7514651137720518,0.2644150144684678,-1.479983291902311,-1.5882997672453287,-0.5924377676940669,85.79527752425858
-0.9275693279508292,0.17356695659509036,-1.902371820161615,-2.202046364671088,0.3596248184769353,41.09729007927063
-0.5587419038749104,0.5279431754162909,-1.7349208984057989,-2.018717900000749,-0.1513139492030735,62.07607366017487
-1.3388611869873923,0.16987410348779708,-1.8776815973010668,-2.1512073274396615,0.9299442512107499,39.26054297598563
-1.2792336762081065,0.4067773235369785,-1.8079079392155344,-2.789892507184521,0.6034472786430971,75.29953780029659
-1.0797181344336995,-0.09664920043412728,-2.063997735961586,-1.6389199074935257,0.7283999567278068,40.245157697136506
-1.0206511762944324,0.3127404204850608,-1.5882644610726606,-1.725587024901849,0.9708399918515216,51.70363586296466
-1.2875393325783442,-0.22182774619576762,-2.3429028806563448,-2.0703393954950724,0.4857072540859031,68.72624785741235
-1.6026815357530935,0.31987071109026743,-1.9844625773651323,-1.5765981560878197,1.1913829759397085,68.06581576901971
-0.8499396112779412,-0.3043702200543468,-1.8306763715500551,-2.0684883865926973,0.9946790563397405,32.972337420834016
-0.7336982766257645,0.11902198140276798,-2.0403069442991106,-2.0170344056945404,1.0282714253274552,24.06552614688352
-0.3534989964542774,-0.07832266082907235,-2.1047936304328556,-1.8447190492709065,1.0585164680768946,33.47823509457363
-0.6825270586752348,0.05379026389769592,-2.068663991448355,-2.180894996702289,1.5258389873399718,53.089869117140935
-0.6131850337641707,0.12964606236562037,-1.9814185123693746,-1.8930857020079248,0.7258036331504218,42.899026939825006
-0.7811847322411261,-0.07411688184471465,-2.217250601544421,-1.845828868743733,1.1041118139682382,33.63341307740608
-0.586640854950522,-0.1426766621519766,-2.0833232512992224,-2.3227062589148613,0.9735608900799981,49.24636838953068
-0.32500239300932865,-0.3194947083975572,-1.9386556032590216,-1.4428891062409606,1.3469470132286867,72.44967546195205
-1.4951124915175482,1.2812395290589356,-2.9601040132826553,-0.6429419045177482,-1.627362155573933,81.15500036293858
2.759370356458362,0.5456490156049858,0.09500607841865527,0.9815403851053137,-0.1576332143971717,44.22558276513077
3.7633694099723263,-0.29803550657001754,0.16738574045742016,-0.5512807157322435,-0.7036376453000992,74.60889543883454
3.3248123431062764,1.2715619988988776,-0.15850218501660063,1.311648566162419,3.8502930635286843,77.56871024528516
2.994288780532691,-0.9806996383529825,-0.10373027285757797,1.9443843373224379,-0.06795605145992223,17.355389741613564
3.1223282563771155,0.9158450464473606,-0.028177949892498333,1.2159944607411273,0.056483062535456874,24.906311238639255
2.668584828089319,-0.9466500926923516,0.7109088462435151,0.6831579102206584,-0.2842505331513232,63.166662753986145
-5.0402087688449795,4.470984113173093,1.8343894975165913,4.0698941077554105,4.834368822169574,119.68055831610295
3.077589947663614,3.422572082714402,0.6377533719875101,2.148283282597987,1.0882565215681232,69.41260100986909
-0.935199130472057,0.10880281242534551,-1.9244343862303617,-2.031905114404924,1.0034836155298867,14.098911976248836
-0.0045839978919790525,0.14264357745619005,-2.4423777107412152,-1.8881191802788941,1.0294392174086138,36.262119508425116
0.1362193288444109,-0.2443274748291948,-2.1608233669855776,-2.0118443919900693,0.902250950665457,29.237860637351666
0.44483895585456334,-0.5278120841735197,-2.478189837542651,-1.9730258621705024,0.7163159508090651,82.42710704924325
-0.9851470987928508,0.3053883784177245,-2.037603708391874,-2.0381686253759974,1.0097358841294595,24.425869756238384
0.1560147389545854,0.13531793500374967,-1.9407166317279838,-2.096953533455354,1.0852958632500043,21.10462524154031
0.11115796542127576,0.0967789582997769,-1.9556412133049976,-1.9553991250576734,0.850307257883669,17.409385546010647
0.21978448752350932,0.006480300890157942,-1.7165125668222658,-2.120243269862622,0.7558088320292669,40.627090374789795
0.18063510955773765,0.2827898041592274,-2.0342853263319776,-1.80068444007496,1.029659686236843,33.65086514350113
-5.12,5.12,-5.12,5.12,-4.3941638453704215,152.87677164121533
4.788009314972396,-4.332509453580759,-3.8565421086590423,-4.62597391943484,4.902592391207388,147.23066852405185
-5.12,5.12,5.12,-5.12,5.12,144.6235686289295
4.09324697975704,4.562169066300956,-4.977060418456146,-5.008613513932388,2.8040780919855113,122.98828223019704
5.12,-5.12,-5.12,5.12,-5.12,144.6235686289295
-0.41472076776964517,-0.06823976881561844,5.059083791281615,-4.894749707149758,-4.5410426901973855,112.312918553569
-0.15452638064027013,3.5636089771884807,3.963017872455336,4.9233270676735215,-4.8436991658114605,105.54961033232837
0.9115727133585825,-5.12,5.12,-5.12,2.4437052453411257,114.46192632419162
-4.281032405104681,-4.892598560943893,4.982590097923663,2.2145052816074102,-4.713424878416083,128.4666104809603
-0.008588918330938888,0.18290625725752285,-2.0750032430627154,-2.141419438588769,0.8647265582676722,23.779825900207125
5.12,-5.12,-5.12,5.12,5.12,144.6235686289295
-1.2812008156796186,1.6273332882974172,-1.8711116862428616,-2.1141969318209046,-1.068265211813575,48.79153853666352
3.017885331662133,-0.9418856661414479,-0.18201162084690203,1.92480507567576,-0.2410858976611312,30.90586905783305
2.9187659070803837,-1.000439003199455,-0.18541562820198543,1.9745846615562748,0.17836176322152042,26.588870145721565
-1.3225173271209116,2.5447296693488317,-1.3786244148584537,-1.54303620559807,-1.0701531629367533,85.48223555914595
-1.4397565431251564,0.9759365510865825,-2.454630770538555,-2.2759481265453645,-0.9679482043448617,65.9953261354207
-0.7228780628425087,1.5644951964713822,-1.648374082319295,-2.753739888564129,-1.7673765045183045,81.91562069947973
5.12,5.12,-5.12,5.12,-5.12,144.6235686289295
-2.3542130861327415,5.12,-5.12,5.12,5.12,137.33110210025964
3.807972155177846,-5.12,4.614658116544663,5.12,5.022765162886135,142.92825851917306
3.2435100237835046,2.233972448559448,0.4250802960388782,0.41044004625528707,3.721038527528516,97.47336191203563
2.86983137849524,2.121259182133424,-0.5689529686244388,0.963764688670417,3.844748365635108,58.42366194897254
2.430217602087616,3.178565565984626,0.6602555850255509,0.6676747626999653,-1.424517318529476,92.82113086722187
1.613991992470372,1.3080521562072907,0.5365741193076419,-1.6762486791189297,4.840913415974092,100.75849820667483
4.529161128196622,5.12,5.037021184422934,-5.12,-2.9940232473845168,132.80747004597384
2.9340111257233508,0.8548109763124216,0.0388748800388683,1.2585425460085924,-0.03177722281888329,26.685178129981992
-0.7102398889384611,-5.12,-5.12,1.8981795730984405,-5.12,105.33155363659468
5.12,5.12,-5.12,-5.12,-5.12,144.6235686289295
-5.12,5.12,1.795980465195787,-5.12,-5.12,126.07538462853752
-5.12,-5.12,-5.12,-4.798203333846371,5.12,145.73899754891568
-5.12,5.12,1.7901796524223839,5.12,-2.6628490046167905,119.77809452579396
-2.350288261604265,-0.3390426160068323,-3.3858191420443697,-2.0749138371232734,0.42503224222042935,90.32188390643955
-1.7177780600597576,-1.0177647370075862,-3.3340176365923075,0.6096151415821147,0.07342562001097797,61.35546855329666
2.9855966073492413,1.999219600228204,0.057672257657749526,1.0028530628815995,2.013517298764647,18.70204409877608
-1.5612703461349144,-0.7226227524993014,-4.087351459491691,1.1149681407667957,1.4538179566757767,77.55095256917842
-1.9370962917229542,-2.0154531239394893,-2.7655030420245335,1.290680457615708,-0.9779858591673527,40.55400451292769
-2.43715498108605,-1.79812503919081,-2.43954206524849,1.466122480236403,-0.6189590470032709,100.30527708005258
-1.4924266990950286,-2.1873167407457443,-3.064547175278943,1.125518432877163,-1.2712510177564322,60.53169429905965
-1.9153084753971332,-2.4461795551563705,-2.5817254717055422,1.476515131216761,-1.5157804493953653,100.16411529614173
-1.746750538949188,-1.7921614359106655,-3.093180306625269,1.139964036728479,-0.6349364519084784,57.02495935009146
3.9470254239845604,1.5109763665977285,4.466839318079951,1.1347261341540404,2.2114471517406473,95.2768719519264
-1.847016805784353,-1.6920463972103046,-2.686149634708807,0.7936258785570338,-1.1118048116190486,56.757882224795196
-5.12,5.12,-5.12,-5.12,5.12,144.6235686289295
3.280973284679974,3.3629397782743746,-0.3452051512885417,1.767317773952609,-0.6641822448897248,93.88728237772182
3.1116544903728647,4.8150300730993605,-0.6102570199123285,3.5372711311599216,0.9116908726045638,93.89326862346988
-2.145988160894311,-0.2843635172884085,-2.704012683407589,-2.6778820579113303,-0.4956014955401118,82.70041037146656
-3.0794585943213044,0.3945677814548416,-3.1615874872317793,-3.4455809359278042,-0.1161006086385088,77.31748786822422
3.4658187018987983,3.062899628932457,-1.166603549910477,2.099661026862731,5.12,83.52250555975095
2.0448108493383526,-1.4888977008827227,0.89054960306808,-1.3625973021987732,-1.9171615550103343,53.18902980648447
2.394023033527395,-2.6322003632730144,0.9431867223089796,-1.1970639581231293,-2.59574338477388,81.93786310273221
1.9020076656915048,-0.6039916451811713,0.8207373855231515,-1.410118480570905,-1.3233723892899718,66.76849657297679
1.294214951746656,-1.4161716606605284,1.1397059471388227,-1.7726264258937086,-2.228595985560931,65.32933483741165
1.9568311637462434,-1.0391503663722599,0.3574673400693307,-0.6321032948965026,-2.249666876440873,54.14242483621351
2.0258140663501836,-1.4086572039501073,-0.18095428766453292,-1.4275497354200741,-1.927078942196391,56.2111135072121
-1.7475813507517843,1.5678419978894853,-2.0147351713292316,-1.9377581517770346,-0.4930792847552645,63.614877072144196
1.5888045045213763,-1.7737500814946294,0.3946764190492811,-0.7451804950952727,-1.5384039455677008,83.64692762344458
2.3496561683600916,-0.7950036582706197,0.49520679242184684,-1.4557209083737512,-2.5048462551128843,97.4680573329505
3.0474109910097384,-1.0555671616659472,-0.050318243904203364,1.9677211469053395,0.0037112795742553217,16.02247330353027
-1.5834173243279346,-0.4168212484505993,-3.102834210421046,-0.7440534711683,-0.4465929699664155,82.21587549223918
2.1646419676651236,-1.8615119580368988,1.1765723984529766,-2.006409846887722,-1.2485369653785123,39.02736437903111
2.179683362031592,-1.7384291326412251,1.7891980526832576,-1.7415291480317432,-1.2598338498334845,60.75649428023014
-0.0005892177984110347,-0.003217666163789268,-1.9528235630411541,-1.9750740870534873,1.0014648697871005,9.278417014715842
-0.9458519118438717,0.09224291514912508,-1.8093599218908691,-2.1387696424396827,1.020677861597452,22.006155596894253
2.1321063415174866,-1.9989212607990368,0.5531639843781786,-2.3342106655308728,-1.174500219767268,58.85443370104059
2.5170010465802646,-1.8432375188913483,0.9582092846791852,-1.6621975970859237,-1.043599808345733,54.87391519154473
2.0602323387780004,-1.983522804901916,1.3835991156628031,-2.5271774706515355,-1.5973022018063951,75.27823586845119
1.8596350535353965,-1.8303483346856821,1.0829369824066282,-1.8163060091162135,-0.9365679867799281,29.02847730254414
1.9206226935893964,-1.706415799994904,1.1855088529197122,-2.037411012241201,-0.48347629058016217,52.59243380634679
1.8553977727874678,-2.250445967426777,1.08697953512321,-1.6915516614918489,-1.1551436700992754,47.197074306022245
1.8302562245904417,-0.8544330905051591,-0.3112640777621296,-0.01903235115995905,-2.7072632621062103,47.053357893785225
1.8452044452269867,-1.5301622399938388,0.9804750667618736,-1.8374276485733247,-1.2015870036996144,47.575825872929904
1.8422503749778114,-1.0726600516165004,-0.9704748489194372,-0.5869697889783234,-2.411279940004385,54.393591563744586
1.2029133964224021,-0.5056996581869937,-0.19539830761023858,-0.2973229670338764,-2.769674231478286,64.91135622498496
2.404348019810807,-1.1761351225247347,-0.3265952295999517,0.10460472812900434,-2.355065494813676,69.44414814416133
2.9782331103160464,1.9750956380842943,-0.0034743223553874714,1.0060772244590837,2.006780031710787,18.04454576713292
1.7176756272400864,-1.3373282583786694,-0.6843256162285458,0.024330796112147723,-3.4467541255381713,77.89323857426129
0.0694331371815835,1.6080563074043468,-5.12,5.12,-5.12,108.0838309465539
1.9919419275776296,-1.8452161990582785,1.1643373445303693,-1.6196113573120363,-0.8531667721047169,42.60264305457763
1.9146619857772746,-1.4021643531564827,-1.4871605849985476,-1.5697024550210528,-1.8332929940734242,77.26722111216185
1.6046581731037834,-1.9988110393133192,1.1670642550372419,-2.0032765691042584,-0.8727909038173856,38.67359487076676
1.8442171510965464,-0.2956899038665064,-0.3966562134504361,-0.1666958147389792,-2.127291127233602,51.44843009309059
-5.12,-1.661827077259304,5.12,-0.601612490418157,1.0986349182214266,97.33093964105922
-0.27353157872660194,5.12,5.12,-5.12,1.1093862570267268,101.82319441059812
1.8093201454108767,-0.4700053539993352,0.4653052871104828,0.26404275791559684,-2.5267505061857207,86.85028306287269
1.8555237349696014,-0.28070310559075473,-1.023234382505489,-0.04013672173951921,-2.652157891118473,43.55677841995574
1.5515433718679787,-0.6900118689491421,-1.033195437495901,0.1993821765434154,-2.293055273557338,62.17148341460633
2.027922391270504,-0.3420012346609864,-0.6310680737496748,-0.45009796335083685,-2.7828180459268985,72.45328344305425
1.910479255298882,0.3346433123477546,-1.557246746942183,0.258220246151426,-2.6787160631221933,74.24783165095836
3.0094583330018816,0.9837776152493829,-0.028710895896358224,1.00435740299252,0.009882726595828117,11.28916200305899
3.379071179256841,2.450221418067316,1.1794524607836472,-2.0023459578214022,3.9456938674829454,81.44387594238485
-1.0251692810394646,0.006070245887682013,-1.9573333711711007,-1.9601767441999796,1.0534003018993676,11.192393838445213
5.12,-5.12,5.12,-1.2423414509827757,5.12,126.76125204269667
-1.0598457652428817,-5.12,1.908125193052407,-0.021477568114575796,5.12,65.02411589003148
2.991615152587177,1.0852298953163402,-0.14077759622715025,0.9972758277770195,0.041235985051672586,16.55609900586029
-0.0719271476074903,-5.12,0.38172156587606576,1.049348369083198,5.12,77.94555958189093
-1.942920066859009,-5.12,3.5179166151847125,-0.863330125349842,5.12,98.78435443845565
2.9908529582399828,-0.1838064354887221,-0.01866128945588219,0.863648250106479,-0.1819533875891901,25.10771716437263
-1.414384413524313,5.12,-5.12,-5.12,-5.12,136.28700517979627
-0.021239487422046288,-0.03247262565135678,-1.848373511613234,-1.9672633414842546,1.0377099276307602,13.356612265956194
-2.253952137431181,0.7819794253373011,5.12,5.12,0.5454627654496926,101.68599486677772
5.12,0.988918304918462,5.12,5.12,-5.12,116.70104505638209
0.6318177297234948,-5.12,-5.12,5.12,0.634310505054466,120.98300755755385
-1.9854583675361868,-1.8060260891982773,-3.1723767297650527,1.324468205600425,-1.1535331332504581,51.07349087004774
-1.5401736169402422,5.12,5.12,0.1623730259502505,5.12,113.6239675595997
-5.12,0.9391339513101062,-5.12,5.12,1.0054994051713848,89.39551639308831
-5.12,5.12,-2.786668764323819,-0.5517695925098511,-5.12,122.03609604597922
-5.12,1.2893173500364483,5.12,-5.12,-0.7529288322073926,111.2647001610934
2.8979485241011735,-0.3880257615612308,0.04909730643401655,0.7471734408463773,-0.4561380390075973,59.20143719871933
3.0349021702557115,4.685701776592,-0.3830761758396788,0.5896899882818616,-1.830901538579825,90.19081024456077
3.1710346343662463,0.03556534714979964,-0.15695753391090594,0.8182177303836156,0.07622641983846545,27.695122396602265
-0.9268375978810379,1.2958317477119543,-1.930262841887993,-1.7183452521127696,-0.8352057464716669,41.6115840206873
-0.8213082898615189,1.600223351027358,-2.4161604972678714,-1.7161128589073362,-1.0893637929893387,69.24755483841906
2.8711670848748545,-0.2264446067157193,-0.07534481814891603,0.9679138136203997,0.06926427375111555,23.103303344074284
-5.12,-5.12,-5.12,-2.124512097952855,-5.12,123.11969508889524
-0.05207392109826614,-5.12,-0.7182150240660237,-5.12,-5.12,99.80705410902279
3.0172993857842014,-0.09137696721122346,0.11031249713042168,0.9223622467921322,0.006767773032141378,15.120656658215111
3.0246796428184206,-0.23746307554582113,0.17179416460264552,0.7676923398504938,0.10394931222971415,35.398189664246864
2.999176402899308,1.085780951043481,0.0776594072993726,1.0056027573204744,-0.019213327202397323,13.855421247772263
-0.28469096522286286,5.12,-5.12,-0.754862757439084,5.12,109.28199809549989
-0.4026946036010255,-5.12,5.12,2.130133198595013,0.6239639161624781,101.40449243545376
1.654019746593547,-5.12,-5.12,0.1554578158715607,5.12,109.60873807347413
5.12,5.12,5.12,0.1959150326753818,-5.12,122.40400833184268
-1.070619891055797,1.2514375142955654,-1.4188934142794434,-1.9417503290246385,-0.7044339178929615,52.26662671798167
5.12,-0.7359888740803759,5.12,-5.12,0.9118087814602189,100.522795470454
-0.9476041339470251,1.0318875337513562,-1.860031556237975,-1.3976252043598554,-0.5661054464255928,49.20890451872637
-5.12,0.08070554070176605,1.9440485176785698,-0.39822876655185535,-5.12,81.68809418635269
-5.12,5.12,0.326260540424256,-1.2025434676672768,2.85095605546457,93.27612890869426
-5.12,-0.9453425340643307,0.12881242197935538,1.0890669178815715,5.12,65.15546111777165
-5.12,0.09174298637623934,-1.6145733084583473,1.37007072082488,5.12,98.32521491259772
-5.12,-1.8270592832514332,1.6200698615298208,0.8298129602904893,5.12,92.325426863082
3.092118141415372,0.9522279008421641,-0.00941549516154705,0.9338562320924471,-0.0032782147285859153,14.286854920532505
5.12,5.12,5.12,5.12,5.12,144.6235686289295
-5.12,0.4982422050019366,5.12,5.12,-5.12,135.9464902935768
-3.8514245514251586,-1.6215191668953093,-5.12,-3.266552994695365,2.0328687294749432,93.71509534655598
5.12,-5.12,5.12,-0.1293603252489257,-1.3378422087864563,106.9492893793869
5.12,0.20569355169513948,-5.12,5.12,-0.26896329260353724,105.32943600592981
5.12,5.12,5.12,-5.12,5.12,144.6235686289295
0.6991137882419585,5.12,-5.12,0.4910684995561141,-5.12,120.63138617149377
1.905766249466561,-1.956968568046873,0.8913989823031976,-1.921068080442704,-0.9018497656146334,20.11161763385934
1.7880722713135038,-1.9904013544202703,0.6087777216520571,-1.845861241897639,-0.7449044139677303,51.548836399627014
1.9315880820290774,-0.42138772133653113,-0.7789597840524758,0.29718139253296805,-2.76108307725797,62.35759270087911
-1.0189365076468713,0.010593932233966541,-1.984051971016827,-1.98768931746614,0.9756109181208492,10.167624269994384
2.455329728481324,4.277312271665532,0.6789809759393268,1.8180317207039023,0.04818380954199952,80.0338474969754
-1.2325051556829658,-5.12,0.2965903565340202,-1.1332797899733613,5.12,85.83568598374559
2.0133761486490265,-2.0772192334989295,1.0422917485956473,-2.039508008824332,-0.8744085807938085,19.18124352955701
0.5247999758291853,5.12,1.2193626764700198,-5.12,-5.12,116.5021102425918
1.636630451146166,-0.18908218447644032,-1.2228118350207393,-0.38846291052894877,-2.226912046472723,66.61839698988102
-1.1332217376089937,1.1388293238334226,-1.7605849929131994,-1.670792488198316,-1.199993321508253,47.803746220478494
-1.9683168814014986,-2.2798883832203405,-2.968061902788093,1.0160500336200418,-0.8467267688219469,36.23651726080101
-1.7201579906678028,-2.5219112709971125,-2.6870078521306704,0.8987955384161115,-0.5562842418323246,84.6168160793151
-2.2345751364685054,-2.259961151027088,-3.3740808394067052,0.8389396645452623,-0.9952634189563456,64.5699969581907
3.002120676354246,1.00330741948207,-0.024343854742985727,1.007069418467161,-0.05104228912145192,11.67627846501231
-3.233036250637464,0.0587748504546326,-3.4291286719194147,-2.579563385383101,-1.2166227282219313,85.67880340869011
-1.5820655520029425,0.021373110091536418,5.12,-5.12,5.12,108.06737200023022
2.972742200364766,0.9920628496084722,-0.0036525041796435787,0.9715097593835171,-0.005298344588745785,11.091960620707255
5.12,-5.12,0.8965369409773931,-5.12,0.6247767155379877,107.08887822068839
-1.4490725297154383,-0.5601446206092922,0.43091455666508516,5.12,5.12,118.30808754722831
-5.12,-5.12,0.11326077576756344,-5.12,1.2796176659854668,102.70167240179111
2.9734699848702855,-1.023558354778526,-0.012609676027430794,1.9905026873762726,-0.01326710242238427,14.18348778631465
5.12,-5.12,0.7212096027267885,5.12,-5.12,128.01810255720227
-0.3410351870541657,5.12,-0.9553105392496786,-5.12,5.12,103.60777382864165
0.14218965781762183,-5.12,5.12,-2.004377347560431,-5.12,94.54803708106225
2.9606523007014074,1.0131673625986846,-0.0015022273290457022,1.0217469722449266,0.006117283308277877,11.275276886475325
2.981614808444612,1.9955603012744003,0.001031658129640789,0.9750220280986381,2.0032891137670443,18.0319076048448
-5.12,-5.12,-5.12,5.12,-5.12,144.6235686289295
-1.6551127218859785,5.12,-2.0941886258400855,5.12,-0.35440373460971486,98.51509976272405
5.12,0.39429049173078656,-5.12,0.27617091358275747,-5.12,116.5169915689562
0.19609031784298292,-5.12,2.8142791626918378,0.8577879125058248,5.12,83.02459641970313
-5.12,-5.12,1.1522571964746238,2.278784061700801,0.20095435602057599,87.41346336655448
1.9320152772804606,-1.9617314153394965,0.982499211440401,-2.072250956518459,-0.9474652263292223,16.537623796744796
1.666858828785685,-1.0518210713258602,-0.2936585680284862,-0.3393967432149072,-2.2359440906124095,61.7536622347675
2.9854295083136213,0.03706300025325504,0.031311739083133894,0.9534725866612792,-0.013050625911663616,10.787013565366308
-0.5322604090003367,-0.4564197185899248,5.12,1.2264118936243031,-5.12,107.79118036323493
0.032655874880873625,-0.02270779915251442,-2.013751976224571,-1.9500811081249458,1.0580599902378722,10.47368341702748
5.12,-5.12,-0.3732848904955013,1.084591102144688,5.12,106.4638090046698
5.12,5.12,0.14358902674081708,-5.12,0.3871294725510124,108.33466830950707
5.12,5.12,-5.12,5.12,5.12,144.6235686289295
2.7892898133414166,3.1019530287305157,-0.4528457777713655,2.166886059902315,0.8393118887739481,61.80059676133425
1.2106970252929452,-0.007728193802708283,-5.12,-5.12,-5.12,95.80731943211654
5.12,0.9232550463692988,-0.7878017462086406,5.12,-5.12,97.03453198378939
1.1303068391655176,0.07773735883975785,-5.12,-5.12,5.12,92.39570555209285
-0.29810621593136055,-0.9491215632813716,-5.12,5.12,5.12,101.247263347584
2.010065116481723,-1.9276335691586248,0.9648718752622161,-2.037163216804198,-0.9003033664191227,17.096331826604697
5.12,-2.377810975843884,5.12,5.12,-0.193957069695891,116.21163115291498
0.15096214043433864,-5.12,-0.3206178385561289,5.12,-5.12,105.36377476414796
3.0159450395802248,0.003967439060039268,0.011212993936598359,1.016065323001646,0.003065147558725556,10.25927998350285
-5.12,5.12,-5.12,-5.12,-0.9820771109578281,116.72667162411142
5.12,-0.37718021614395436,-5.12,0.07063169246179068,5.12,105.05736076864223
0.006523694949419401,5.12,2.6603813884434127,5.12,5.12,109.19823208695348
5.12,-0.20461854431686977,-5.12,-5.12,0.08337936024823644,95.35123541742267
2.7445807885145426,2.327129115599668,3.4687467340253617,1.1639830933931954,2.114581972742383,82.94994724227242
1.9341366647059512,-1.9823164445649133,0.9662268204938638,-2.0763768634298714,-0.8590365398884705,19.5855070709374
-5.12,0.04636471118602703,-5.12,1.4175813840317346,-5.12,107.89601400951716
3.0621701117500306,0.05692125090496347,0.04169704245185102,0.9864814694274378,-0.030240330253607617,12.299240906690613
1.198419143004653,-3.8412970725379676,0.25719007427896123,-5.12,5.12,95.94757536838779
1.9221660234591944,-0.6295846336582294,-1.4651064382213752,-0.1507138880321861,-2.7784642713041374,64.15704450122904
-0.054651843815177514,-5.12,0.6035093165286982,5.12,1.6033131699971293,97.2957298579042
-5.12,0.11212933802758673,0.5772904913778607,5.12,0.8149719496945984,86.11422680626171
2.327324085231684,-1.3470999718081011,3.9421792620603524,-1.367255417444833,-1.2794511047107324,85.88865093783113
2.9916073097754614,0.9799348317143473,0.014236051114205672,0.9990107160673505,-0.006699351547911903,11.050552998346973
-1.5327023968757065,-0.27689906252445873,5.12,1.241224145385539,5.12,102.73651513949213
-0.00689117242788484,-0.014209123904914911,-2.00355853640682,-2.0242922495614777,1.0098281130845104,9.31902496510628
2.9782431642334375,0.9714997021175291,-0.015476362598158211,0.9966543095439135,-0.010689782443830786,11.132615708638376
-1.1689428561311725,5.12,0.6210393487200045,0.9248293702041694,-5.12,83.92085218782258
5.12,1.0301274481766063,0.3791050305878221,-5.12,-5.12,105.40873288535862
-5.12,5.12,-5.12,0.7137001112495591,3.619757812565372,129.94731649387634
1.9933866064836323,-1.9926307944096266,0.9604992875093892,-1.9895426640907838,-1.0039407407105623,14.183310964583654
0.7123592731873032,2.057501641897386,-5.12,5.12,0.6404668527620911,92.34065155113831
5.12,-5.12,-0.26276598311596633,-0.8751693514672185,-5.12,101.33177118590409
-0.026589520139697065,0.038589861957217586,-1.9962098799140255,-1.983892321151394,1.0231223297772853,9.560760220852238
2.9652606560094776,-0.016695464367717072,0.03467595064622486,1.0254260187728423,-0.014290797340221317,10.54223395314277
5.12,5.12,-5.12,-0.2841189820722745,-0.6974037140484999,112.71351038295042
-1.0202974385560486,0.009865841624653093,-1.93756018548109,-1.956583109409665,0.9558487499933266,11.149394830700103
0.865184757359458,5.12,5.12,5.12,0.013865568110368542,90.93898154333661
-1.945923962788187,-2.3799555094017886,2.861560088695171,-5.12,-0.17316954509651072,73.36195542526099
2.9902684822680277,1.0034898249990594,-0.0037762072480509445,0.9935544687857005,-0.001125471346503204,10.968219209313169
-3.1528490894240844,5.12,0.7086925043686652,-5.12,0.245718435047797,94.91781323670216
5.12,-5.12,-0.6501547875740625,5.12,0.9465025256103354,104.52232404821564
-0.01225816875319552,-0.011389594919430479,-2.010818481535229,-1.9642119846214219,0.9672274391969999,9.378675581433654
-0.4350490906907396,5.12,-5.12,-5.12,0.8755718048862295,109.81237893815569
5.12,5.12,5.12,5.12,-1.3223173295109945,131.83645969190886
0.3470174762767,5.12,5.12,-1.118561124514728,-5.12,106.51968735983658
-2.1461168808292723,-5.12,0.34631631548112995,-0.2149033197345771,-5.12,90.04957855939118
5.12,-0.608202871319329,5.12,-0.13741474007968701,-5.12,108.44099729468108
1.1605870435962764,5.12,-1.0593721865274048,5.12,-5.12,94.60407061314041
2.94637343300706,-5.12,-5.12,0.35215496758002107,-2.1082721907195303,89.87465517731057
2.0017314079964192,-2.0142540196147407,0.9337335509000368,-2.0191184185408906,-1.0045778064542832,14.993237980143306
-0.14722224791124638,-5.12,-5.12,-5.12,5.12,119.702380350972
-2.6445340511300124,-5.12,5.12,-2.712922633302033,-0.4194827325773183,119.58706738058153
2.370015279298542,-5.12,-5.12,-5.12,0.2318027020408735,118.15013657439181
0.39011706474426866,-0.048258468768015206,0.37426416892461845,5.12,-5.12,93.3483315320466
-3.2918839792718115,-0.32515497589509046,0.6703524467956221,-5.12,-5.12,111.18910086409916
-5.12,-5.12,-1.7278910362381907,-0.4490785946982001,3.5764700703994405,123.57279597960019
-5.12,-0.367795135258028,2.013320082509903,-5.12,3.3344482756776044,104.99608000908295
-1.0196971365323728,0.04658850666992276,-2.019681491845127,-1.9655732628774758,0.994533433063431,10.79081491051408
-5.12,-5.12,-5.12,2.5776159590393233,-0.10581550059225098,114.39364524867361
-5.12,-5.12,5.12,5.12,-0.5990247604459258,134.1837205951299
2.989144867831528,-0.0078001723280713975,-0.02002023165421818,0.9967802573712037,-0.021144743945379574,10.13390753720195
-1.044562333866189,0.6885720870533412,5.12,-2.0433431701346576,0.5472504983836401,69.04970036692404
2.975038675399305,1.9819701998498598,0.009367702249122978,0.9902632520659589,1.9805342165628304,17.979847623005718
-0.02842845983398412,0.26256444092513753,5.12,-4.0608287028757255,0.5710834702512662,76.49926402664536
-1.344023847853681,0.13322825384008485,5.12,0.025719966230297153,-0.1541555049915475,54.112732508387566
-1.570035070619813,0.17986755136237775,4.074131973240012,-0.18129722091196498,-0.08686042647399095,52.25241235804299
-1.709278686282682,-0.13731823540573806,4.619905861723304,-0.5516305436990967,-0.8194242719990479,83.83449068800823
-1.257320603327344,0.44800997313976954,4.417292817930085,0.31045824432640146,0.5474017029033931,103.56866899575058
-1.811796523688301,0.14720992455255555,3.17298079264219,-0.4131543703342615,-0.16524393141794658,52.58337561107622
-1.7488523426835227,-0.17321003947172553,3.4178495937840756,0.35345871694546993,-0.4828152783373829,85.25171583928848
-1.7213211325137157,0.45093183564566264,3.6643075450595655,-0.9960188857279517,0.11606975850598733,66.59411887793777
1.9791144176927409,-1.9565703635923932,0.9546318477065929,-1.9802938168354496,-1.0237465280770826,14.673188770398824
-2.1180066933922115,0.21507685722633685,2.219853767377937,-0.7506428343676337,0.09818332709969901,40.40153706045254
-2.2143666225746497,0.8217007437869794,2.2101722677443503,-0.6251218404062788,-0.21622015597530453,56.80919832483888
-2.4255267392476334,-0.26410596030832245,2.4569655667496013,-0.7890896672972207,0.43302565629776524,88.94274688366968
-1.5762514229961204,0.24518868463723464,2.046355814093907,-0.8098762743607812,-0.059902010946911055,43.410713511892865
-1.8014670852738335,0.456414258516606,2.0909860294047986,-0.4545865822024391,0.3481560778794348,71.57279148422327
-1.9962308603625338,0.11472045587789381,2.167825022539547,-1.1037798335323687,-0.4520516786539748,39.274799833131496
-1.925053957593323,0.37268198768192384,2.2194671419339196,-1.2648003928222353,-0.024763025625544444,47.56952794669348
-2.0504392742279927,0.04711461277585993,1.767358193203437,-0.7030294088183782,-0.3257922291367432,45.267752472276094
-1.0292522665984158,0.015600162545013951,-1.989408610636969,-2.021859227748001,1.0035330123181803,10.447545262652397
-1.8735065619731732,0.14091325185559977,2.418534682036718,-0.7265019632475971,-0.33557208451005494,61.99600860683942
-1.7003875654484135,-0.010552895665406403,1.5807096061682797,-1.3543831763370218,-0.3434868578048116,70.81323356769978
-2.4747083441560744,0.3002687050243571,1.9686103027916761,-1.0971036538338748,-0.3361738246323487,61.53847109985057
-1.9343776378739426,0.6245611661318273,-2.7538885560979414,-1.750736388159798,-0.11704330778447325,55.017002714215096
0.09073609369765201,-5.12,-5.12,-3.0558902332659263,-5.12,98.3127190604564
-1.6159450636399089,5.12,-0.46394101409849053,1.0080938514154205,5.12,98.91127561833059
-1.9764442850244772,0.1973708259217588,1.9584087947364557,-0.931023790775809,-0.05114184843294822,17.28844200274588
5.12,-0.545676612999908,1.8275928147104494,5.12,5.12,115.31853782617635
-5.12,1.9556362780647065,5.12,-0.7227893953206195,5.12,103.20844088595831
-0.988111447687432,-0.0033228750710012633,-1.993573548415637,-1.9941207082025394,1.0025407217113296,9.978628987624276
-1.0147498766973095,-0.0246419370716362,-2.0063838959069797,-1.9858093356485846,1.005556182697533,10.226878731776402
-2.546378467702479,5.12,-5.12,1.3172169343864129,-1.1301112872462191,104.1826509442202
5.12,5.12,-5.12,-0.4963421999921138,5.12,135.94256959126434
-0.5279950259466677,0.08407974317448819,5.12,-0.18637326220607697,-0.5623709667932131,76.12029718833894
-2.0187238477882357,0.6218704384829277,3.73180560715866,-0.2960758398388661,-0.25481673250852754,70.11684828626092
2.9717876277563002,1.9966036370049824,0.001777591152236191,0.9971536771862599,1.9930618475802149,17.955263107062123
-5.12,-0.12105031837195313,-5.12,-5.12,-5.12,118.46915584282675
5.12,-2.8119818601612634,2.4786079764310998,-5.12,5.12,126.93794970082033
2.9786913207255035,0.01694638910404933,-0.013679056647427856,1.0064562784714557,0.016983329921885115,10.134466466001705
1.1068237337006428,-0.15590355507336096,5.12,5.12,5.12,94.61891670824525
-5.12,5.12,5.12,3.335711351147295,1.048877033399343,114.5979570279116
-5.12,3.031595740565126,-0.7630408136073452,1.5903353022220346,-0.7865582323154436,77.37840127768267
5.12,1.050951582210212,-2.1173108410645978,-5.12,5.12,95.4654217303628
-1.9946669884807666,0.23835364773710133,1.7862760812838783,-0.9460657145630611,0.0928639411988943,27.368074627083967
-1.445016449694295,-0.2787859277885216,3.6374658691312183,-0.5378963653189821,0.053111259189988935,83.6627142363956
2.9866839817437514,-0.011407984408087657,0.003539057072699414,0.9899588635276322,0.008069429318771526,9.996384127197047
0.2529111270359756,0.019815432341050432,-5.12,0.20079760533599256,5.12,75.17194220865385
5.12,-5.12,-5.12,0.6616956118682404,1.944636860886848,106.8605526428899
2.989924888360453,1.9896899159963928,0.0011825470511208636,0.9963668093587819,1.9894537491015845,17.91502451309031
1.0785487334519948,-0.75012439342518,5.12,5.12,-2.1491081305529094,79.45650482390315
-0.3463618280224141,-5.12,0.24831206168002495,-5.12,0.19979415756978636,90.553845713407
5.12,5.12,0.0555450802602131,-2.311933520696528,-5.12,106.51903829837327
1.1547580537034028,-5.12,-2.0558676161991842,5.12,5.12,97.31059645115138
-5.12,1.0682762933513743,5.12,5.12,5.12,117.74621671528757
-3.1955309180336187,2.476764925241394,-0.9979530214917158,3.368450053704824,-5.12,100.92549472981673
-1.0434822909315287,0.5686354865625649,0.18264277370808024,5.12,-0.310876264658142,69.54766941123441
-5.12,1.7853947164230952,5.12,-2.6502837583237353,-5.12,120.64356948328604
2.9895990014351392,0.006828049736132158,0.0025676989420491125,0.9947120962792964,-0.011601849028103572,9.991268178428236
2.4337591352338235,-1.0804580636281598,0.19374201944074532,-0.7864346497510208,-1.4923861503714408,64.62854831757825
1.7662590879100755,-5.12,5.12,-5.12,-2.340644556200906,119.74503475348209
2.941600907684916,-1.0841706896843135,-0.050473882545191806,1.9929639533971066,-0.02747827351784249,16.492619778019943
-2.144673070958043,-5.12,1.5051724285119175,1.3323717035672713,5.12,105.28682220121593
-0.6427692495804997,2.603548484914029,1.449305408525282,5.12,-0.6187933622975947,109.63441935360305
2.975136129476394,-0.9899616382829679,0.0021034508428678933,1.957957763541751,0.012437925329283672,14.185154228462075
2.9858054192717427,0.9913985383401629,0.0010683898404417747,0.9912906146848819,0.00982263965773189,10.96923932977866
2.283895043402908,1.3612860030242215,-1.307648929055489,1.4608009590671944,5.12,101.62951578246943
-1.9669899693876647,-2.2453273288938678,-4.610562551280142,-3.165743249528659,0.39379584816859925,90.75295112110575
-0.7140867803163058,-0.6357277685142382,-1.429254909118963,5.12,0.33728592574748184,95.05320844629983
5.12,5.12,-5.12,5.12,0.0048560698476523,115.70353290807223
-5.12,-5.12,-0.8447625971266746,-1.3238374686482137,-2.080667108970208,84.76818709015959
2.9868811601249847,-0.006488584982717427,-0.0010749062362931383,1.0060215632887877,0.0005277451080676343,9.983283591413581
2.8213680340515523,1.7099216458233562,4.2887886331176395,0.34192045109388225,2.854361217684442,87.47375736048062
1.9659891669817169,-2.002079837192161,0.9977829949003381,-1.9922789302404293,-1.0024321025350211,14.085273352506434
-2.691338812449898,-2.6488673872526047,-5.12,0.08874848260051049,5.12,103.17013373867063
-5.12,5.12,-2.253021238482922,5.12,1.9539714518898608,106.27336243667575
-5.12,5.12,5.12,2.3233856675276545,-5.12,135.5462727427733
5.12,1.3906463733630448,0.028755338399426122,1.2832667187116673,1.770405731985421,74.33068080543944
1.540973527384791,-1.96542874631354,5.12,-2.0476858271942873,5.12,88.63089357392013
-0.9930896513733138,0.004823541415799326,-2.0005639873648646,-2.0017519409975684,0.985361475691021,10.023408773483368
-1.9621352066005535,-2.2075934951774685,-3.055632321507286,1.2530637085557101,-0.8807950614947195,41.52833367833834
5.12,-5.12,0.4775568267676711,-5.12,-5.12,135.82765446424855
0.016938875990154756,0.008509764773662276,-1.9981745868079002,-1.9919295135697377,0.9910158052859321,9.043270964759436
2.993836078229511,0.004222473277951444,-0.003917460441709153,0.9928071700626218,0.003154633627404202,9.97498573086665
4.9918651170794375,2.459325688130729,0.5154580772805284,1.0612378423095858,2.408411537135099,96.9210350472902
1.6617931850222893,2.366463331088413,2.0068319725399704,-5.12,-0.3967847841093519,91.39483420543793
1.8788341709101095,5.12,5.12,-1.32703150609174,-0.4816957234932424,100.72034184096137
-0.09950291472532147,-0.24915409135599909,-5.12,0.043155436038301964,-5.12,70.12700451654155
-2.849755516143933,-5.12,-0.08352524188400068,-5.12,5.12,100.38258740620026
2.0575469025318,-1.8573110072041357,-5.12,3.681628333437902,-3.183978699824599,84.8380802822027
-1.6903438765080097,-2.5161572799157983,-3.5039631348409896,-3.347432587420112,-0.3343187739718836,117.18981484480777
2.9821453399644833,0.9951837337273188,0.0011587841820803746,0.9948353665052716,-0.0033505628647674257,10.948475956662833
-0.00613428476312361,0.0020643770080797097,-1.984262838878652,-1.9960609418887043,0.9863820762625668,8.991310014098055
1.9045728310192862,2.478488041056539,-5.12,0.820716531588574,1.7090488489152724,82.18879445672879
2.988287916681748,0.9910597865283952,-0.0016750663817779454,0.9906008243713931,-0.0026360364119257795,10.955560309726351
-1.3890431164265187,-3.1981051721001377,3.0519626035948333,5.12,-2.241379981289972,89.87070013641218
-5.12,0.6050063255216651,-5.12,5.12,5.12,133.9661940781981
-5.12,4.22431312530403,-0.03071964525680837,-5.12,5.12,113.1986506714595
5.12,-0.03521182630780029,-0.2610712724061317,-5.12,0.48099312440029696,89.01776656619234
2.0380525250559716,5.12,-2.4432269176223564,-5.12,-2.0798067877292716,93.18408166484062
2.9857588692889623,-1.0030357532924512,0.0073592761664516,1.9664458837478405,-0.026487153618738546,14.200598439963414
0.7696125316521396,5.12,5.12,-3.697724309140039,5.12,123.03627150164505
-2.0612426723551005,5.12,5.12,-5.12,-3.580556662647216,123.32067310217113
-5.12,1.0347605608993593,-5.12,-2.0288884303429153,5.12,92.36310054075201
5.12,-5.12,0.6987417610180948,-0.22415917549901287,0.5380316883725627,99.94199721513758
-2.522348774328295,-1.8926558494342283,-3.924999783280804,-3.3465698374197927,0.16821225608292778,80.54540170431058
-1.522479998786387,1.131656840576734,-5.12,-1.2850118830609212,-5.12,98.41263603142335
5.12,5.12,1.4286279818604521,5.12,-5.12,136.75106266378913
-0.0020668931629987952,-0.0053569925026026866,-1.9922099677063638,-1.9874899866394977,1.0016341128964408,8.97220763438984
