-4.395777228687454,3.4810782082294276,-3.8775953284585873,0.7097479929311339,-0.6444857104268564,116.7277832948528
-4.928020391419579,-4.703941253109522,-2.581623836405395,-4.16203266595384,1.9949942039395312,111.70727088130499
-3.631409724667876,-0.47951563650939555,-2.912491433831231,-1.4960120638843608,-0.07540812752816617,83.41368435483108
4.232206804197838,2.7220621153910907,4.850158253421973,-0.9998270099562685,0.5403847719974593,94.56154022765445
-1.9828671498765624,0.886988482700632,-2.304818103266317,-0.4648164715081009,2.6384921097041927,69.26335344482871
-2.073245590904329,1.1651846028229853,-2.258110628795639,-0.46254251947563585,-1.1427339334234086,52.22761704643867
-2.1525806506417924,-3.7735563613609946,-2.2293812578338215,-0.46525025031602674,-3.462109656650046,97.01417241079362
-2.1020476035587725,1.447261833551452,-2.2287826677910516,-0.7341647970610969,-2.099886761366658,59.44106544825331
-2.0688045281967518,0.6074613231979855,-2.3013179794083447,1.1629370585199288,-1.735169526727368,61.93183605310354
-2.103497229780039,3.271930912937486,-0.8695810136844759,-4.009518398283777,-0.47571471877659377,68.67891080697376
-2.0736534144103547,1.219318818182889,-2.253250038686275,-0.5971165719734923,-1.1009626000684394,51.913630593893025
-2.0742784958841622,1.2817650159650267,-2.252761358983068,-0.7543271227202117,-1.0613566563834436,46.40364684360257
-2.511987863270981,1.282244183238154,-2.2543861363403916,-0.7896211258401156,-0.991823655207023,64.45239607925878
-2.068159553233294,1.295557499774576,-2.253559559228784,4.211409468237286,-1.0275035889132118,61.52420327976968
-2.074725938985328,1.28879986049464,-2.2533876394896324,-0.7786755391027533,-1.0234460150890188,44.72209139375143
-2.0758415913237696,1.3058391433040368,-1.9618956533235683,-0.8532290915595926,-0.8183037078351623,35.89534212291176
-2.0761494645400558,1.3111298921818912,-1.776820012831458,-0.8750846945938973,-0.7488838501349528,46.7013759401236
-2.0756858433834147,1.3061135127567143,-1.9679068547790903,-0.854301841174677,-0.8157997574695122,35.935850995653084
-2.070406851172913,1.3455753728687103,-2.2345120262565445,-1.0003350641047426,-0.5735851544478603,57.01170295987752
-2.0784797512294126,1.306751116441192,-1.9776982550462616,-0.8090516577066129,-0.8638123394156105,35.936990771794285
-2.073049754673919,1.3067006963513048,-1.9611037155969475,-0.8383458464486822,-0.8433877287465599,35.27792217191216
-2.0676841495212437,1.1008356668545254,-1.9664946057797037,-0.8407957643742288,-0.8491873287356224,22.597747735921153
-2.0648565310203013,1.0971534891522268,-1.966863261575114,-0.8432628877782857,-0.8514420705719932,22.131677295138623
-1.9865724189288771,1.0166508886218457,-1.9966410598199853,-0.9097525700265257,-0.9119345646848389,13.775648332800685
-1.977421895167792,1.0089125045413718,-2.000199896583277,-0.9168974311593123,-0.9188030635726525,13.335857354919554
-1.9613014661749895,0.9963627449724051,-2.0024412795665625,-0.9306962515821473,-0.9282681683168814,12.806819173972649
-1.9410216122250343,0.9816255224383736,-2.00316548790472,-0.9476514551301563,-0.938006182647861,12.554217742068253
-1.9479394907826277,0.9647132571269221,-1.9981125699629012,-0.9459277231546492,-0.9361823387186465,12.629340591757924
-1.9173898970521712,0.9906863259008842,-1.9809172247004527,-0.9219892345436849,-0.9716470465797666,13.117734054956976
-4.826241751722352,-3.463207946551848,4.987869863700685,4.770529605798573,3.108804938385526,128.70250211379056
4.066258477689559,-4.415089605219048,-4.74366092578703,5.095362003962458,4.700627063056614,151.24569637454783
4.544152930616648,-5.085291219547855,3.231855053161474,5.0328949729364565,-4.310950374521643,144.70020483911452
-1.4293109064499139,0.30741201928408923,-1.9798101790173406,0.022073832051096254,-1.06514796946884,40.75396613629087
-1.45033179929738,1.9264724489927332,-1.4327245225200183,-0.9024458515558322,-4.769340861208221,81.7218357079993
-5.12,5.12,5.12,5.12,-5.12,144.6235686289295
0.4891591150932877,0.9987504649076255,-2.1811010178582824,0.6112317679260926,-1.6200616225888007,69.71681136246103
2.3478814995061246,-4.785880954934291,4.489117647640005,-4.220050625713088,4.699527481027114,153.2223335074224
-1.0077325360224139,0.1061583234124619,-0.7898906383905819,5.12,0.6913228147988777,54.332026897426445
-0.951845573748562,1.5906421711807095,0.19172153228143873,5.12,-0.24102973646605008,67.18776967262588
-1.5546409920899391,-0.8845327610394067,-2.3118442348141377,5.104845180684843,0.8759606790386956,76.07304909619162
-0.139883880138723,-0.3076437103377483,0.35276158847089967,5.12,1.6924228498041858,78.74761590539205
-2.0859446036879765,1.009527778820293,-1.9784143355438117,-1.1319138844620813,-1.0465408942752115,16.860806847456217
-2.222069718986029,0.314288949550547,-1.7335630832637312,-0.21447979276061968,-1.5267229795247452,71.27999433577747
-1.113637878396447,0.4279878324433808,-2.6621390467230395,0.20002512603528455,-0.6424846035316296,68.80825120811525
-2.6789713588976647,-0.5636771587493818,-0.18493405243864114,5.0536889571389425,-0.37939880866186027,90.59106101617823
-0.08648283954928004,1.443739161662414,-1.6185688893080057,5.103599717569289,0.6916915176227505,85.03684984876203
-1.8806267874730271,0.9652820734553709,-2.0170505661982103,-0.9184957901133668,-0.9030306624296607,16.256074422638143
-0.9063955531432608,0.022845046120582246,-1.2809982679143617,0.6991493367372366,-1.073374219806178,32.00741243566246
-0.6679653082206425,-0.9120915049369174,-1.197583382118379,0.6754370432510335,-0.9314697427618635,42.64635288541726
-0.9896467140161009,0.02256692031139007,-0.8624266128985791,1.364274904331567,-0.6771549724866084,38.67173392808079
-0.5258592292355075,0.07492337874096489,-0.43368271842117867,0.8040814861866581,-1.29294733868299,62.221695619132916
-1.3461099768840774,-0.302674977228949,-1.6199435328154603,1.0678716693398647,-0.7281188646209644,64.68452251435738
-0.48646470616284,0.16585127937376765,-1.1843059194324645,0.5965814938667338,-0.49303720406459384,71.37879865991962
-0.8412889325577355,-0.1402239390198119,-1.6012095278399334,0.5744436320227839,-1.6885564678979228,65.4192194771198
-1.3268073999873495,0.6596824154396721,-1.071199749541929,0.9524690214582101,-1.1249454390173015,39.884900767297324
-1.3125426278043362,-0.2625426313507919,-0.7831660567712762,0.7083404554419879,-1.0045185959699952,49.055372719355816
-0.8660947922967202,0.3806481331087852,-0.8886721544372103,2.1040416187909967,-1.0677163116312416,33.206273886424256
-0.5789324102954465,-0.6024186554721407,-0.7080667385605546,2.1882686093932247,-0.9288042574883963,63.45189295166662
-1.982366203215161,1.0245100659670276,-1.9944351618856366,-1.0293371615636477,-0.9659928618010429,11.532444448941696
-1.2337085824826999,1.1409982814906678,-0.6497860187082312,2.115132214745789,-0.761381906715112,48.63057700652122
-0.7230634249290384,0.6382896213328673,-1.3290693681265213,1.6241776826879901,-1.1539746451973594,71.00707177928427
-1.4512913295086833,0.24902588412584503,-0.4522650004108497,2.144580082355155,-1.1728885066072352,66.56778485595729
-0.5430781906613236,0.6463899145933052,-0.7410705906617485,2.666593418111762,-0.7487533917271891,80.27211682545982
-0.24682776556945374,-2.4627656457672447,-1.1044074042957224,0.10691955158629796,-0.8412407038785155,46.41795392471154
0.5340873753653916,-3.6574750624140586,-1.2908045904427552,0.2984501786027316,-0.41153836798731813,94.87796112612932
-0.6649503611405247,-1.6540002618854106,-1.0807026092302623,-0.44121887532288184,-1.0215979677288196,57.025812185282234
5.12,0.2501052401685877,-5.12,-5.12,5.12,125.76801996863145
-1.971976483021825,0.9926612155489707,-2.0288728640134344,-1.011353852353846,-1.0062658271812301,11.388332085030278
-0.7181661871110672,-2.3769311087001546,-0.635616161885193,0.7113482747573299,-1.2167683673954186,74.61524335376347
-1.9708354666695853,1.0037779172649746,-1.98474131552668,-1.0000573914972906,-1.0053502342848244,11.063621761935813
-5.12,5.12,5.12,-5.12,5.12,144.6235686289295
3.452576421064804,2.1886423537177686,-3.7438894193980676,-0.16466403013101605,-2.6988675428161235,92.27009975370419
-2.6565484377074093,2.3338616130726386,-3.6329150851931047,5.12,-2.871019112413688,113.25731969993896
-5.12,-5.12,5.12,-5.12,-5.12,144.6235686289295
-0.18938195932419788,-1.820961348342116,-1.8686386742862506,0.14103653106860214,-0.7297285368024617,37.52973795491194
0.3923023719463812,-1.674775396954495,-1.5195912541679384,-0.026800004017401236,-1.1415598402581009,62.688171844084316
-0.726321697252871,-2.184047420929155,-1.8040597203804696,0.021691920915035467,-0.1765485575817065,38.347815738126734
-0.7075062426524408,-2.4444856691618493,-2.27837858932818,-0.05473065860680304,-0.881134075850623,59.50348114883445
-0.29039563533951007,-1.776789292596125,-1.356014847190134,0.2635136844992667,-0.11313656314990528,55.44738649721274
-0.32510044316761455,-1.9060772871078973,-2.1602837799939376,-0.5827688727193934,-0.013562337522104784,48.35332905320966
-1.2786217844884558,-2.7680544849957536,-1.5576249185026505,-0.6084066903291481,0.4542470975395192,89.66626311187369
5.12,-5.12,5.12,-5.12,-5.12,144.6235686289295
5.12,-5.12,5.12,5.12,5.12,144.6235686289295
-1.1790085605870049,5.12,5.056255539564002,-4.724471542729859,-4.467236447406655,135.84744747808026
-0.31551568131894214,-1.938837553604924,-2.7305511132973552,0.45512053202625324,0.12946274905296384,60.222988506580435
5.006880968384809,-5.12,-5.12,-5.12,-3.4939869817759868,144.05315171245496
-1.9555112436898439,1.027859559642061,-1.990561962196379,-1.0105194064550629,-1.0143632708645889,11.514013602163715
-0.8166184962337448,0.42646814552870715,-0.5868058149305782,1.7736694680058918,-0.8479515673306972,61.23911767208237
-1.3512391916380233,0.3126120906404095,-1.2736294309667677,2.294998000100489,-0.9870291671573472,63.86316676641461
-0.7566829057748539,0.3497583587253992,-0.8823906501597172,2.2392721227072787,-1.656442739914746,62.15784375862165
-2.1038666259163903,2.4097638026968102,-0.6582914744928159,1.9593872489897297,-0.7898296114173302,58.915798146731966
5.12,-5.12,-5.12,5.12,-5.12,144.6235686289295
-1.390726661937597,1.0286814615744753,-1.7751723056710786,0.28741078093145944,-1.2970100947911112,59.46941331477451
-2.0401334560394004,1.122512745977482,-3.300911603914253,0.4626480455020143,-2.76079453176614,69.48251724823355
-2.669471699996392,4.588650780769037,0.35386672598395563,3.041990736869873,-0.17267643438639446,92.67472519077927
5.12,5.12,5.12,5.12,-5.12,144.6235686289295
5.12,5.12,3.1982500050337164,5.12,5.12,132.73310313822515
1.0039632546082524,-1.556465634938594,-3.1288752878825266,-1.1128195738248925,0.11758107132395956,41.972196592428034
1.3660068213146097,-1.7402323510999556,-3.581152266008356,-1.581288015262146,0.7937393476556913,92.86129278353175
0.8092435277967329,-1.267043094716338,-2.9063038592468353,-0.7454038832258911,-0.5152481433618057,60.886082414213405
-0.8737271724278681,-1.5203849491195163,-1.8263364050291888,0.054018341920300195,-0.5953510436138449,53.88593493882821
0.9196965804630466,-2.12953438528673,-2.5974560990941558,-0.7590275074414841,0.2558906131775247,55.134710559170465
0.4269466456232509,-1.6338075791975437,-2.8105886013656236,-1.629302591488707,-0.12275648967880937,75.0464765671517
1.0858456375869272,-1.1871503974703304,-3.2900821762849723,-0.44388582860968917,0.349436862091685,69.03075089008662
1.5927760351975664,-2.0118649750795887,-3.2426564968136877,-1.0468696697790634,-0.3746589417285646,63.737133173722555
-5.12,5.12,-5.12,-5.12,5.12,144.6235686289295
-2.8106115185790195,1.5873966062288911,-2.4477186009770255,0.38399342089260724,5.12,107.22013724389538
-1.8817233980604242,0.8680167686236357,-0.8919031459929121,1.344722588206821,-0.6290333617272985,47.89152701317404
-0.35018799133219414,5.12,0.48635311695541006,-5.12,0.9321793188170879,95.82249917464677
-5.12,-5.12,5.12,5.12,-5.12,144.6235686289295
5.12,5.12,-5.12,2.059357513982361,5.12,120.62725854611058
-3.3615864160912072,2.054003763931868,-2.2625475386131475,4.376118832387205,0.07598326935127986,85.84172587142093
-4.101197397157497,3.660305079003467,-1.0395248448107672,-5.12,-2.1092440794579144,84.53971001267959
-5.12,5.12,5.12,2.7760971692213428,5.12,131.77317501200483
-0.16839632720358466,-2.277473583656097,-1.7909055000771885,-0.1260711860418624,-0.4184731097067189,54.57683094274157
-5.12,-5.12,-5.12,5.12,5.12,144.6235686289295
5.12,5.12,-0.558564555499709,-5.12,-5.12,135.34143726868007
-2.033583555627195,1.5734238633031774,-0.7085861888188179,1.9449408428268207,0.09955429070707034,45.14101112930859
-0.41515602485192105,-2.0951767451827306,-1.7635371891227436,0.6685625601646485,-0.7377749560364144,63.82562934491082
-0.9282143873379622,-0.19968754498086838,-1.0426932733998093,1.1154859252112042,-1.1018133279149867,17.192275414941953
-3.052881917189061,1.5264616107487132,-0.4458801791925744,1.768750646864114,0.13158548826318128,66.88329251820274
-2.027681349676527,0.9905652390861874,-1.9904882105069697,-0.97851514034343,-0.9965156586308597,11.284955321156225
-1.7856889553683941,1.6470164747737162,-2.251307200098029,-5.12,-1.018408835309149,74.88536619367335
-1.6064896166812441,2.3636130481272017,-0.9154675440432145,2.167134895568581,0.5487740415225986,74.33177156777882
-0.9616120779969171,-0.2877572756259976,-1.0024252980617083,1.4050750964398597,-1.223056417850318,44.71188415143011
-0.6653974445047872,-1.8057574563946095,-2.228760199517205,-0.07461044435663666,0.08785339132493064,41.55444715999716
-5.12,-5.12,5.12,-1.890964903784858,5.12,121.5309676753668
-1.9932084547478106,0.9737035918129866,-1.9830864009115867,-1.0020425640084047,-0.9914570220543046,11.057617600591158
5.12,5.12,-5.12,5.12,-5.12,144.6235686289295
-0.7609958822194072,-0.25882475237577207,-1.0467781947990629,1.0114235225471155,-0.982988519261216,24.106592660195616
0.28289728350066223,-1.9500967407781826,-3.3794330959445236,-0.79576669383823,0.12470160167649258,55.83694499456612
-0.1621115992183686,-1.3934093454818592,-2.258623707234345,-0.03344926232900747,-0.5247151338600755,60.58110505678678
-2.1075473936601536,1.5434712153591672,-1.2702565395323115,1.794682803483032,-0.3708933027579704,69.00774381928294
-1.892953539573703,1.5866885324080693,-0.015752240628867042,1.6447461283841873,-0.07447998905220121,46.80843512755034
-1.9441632055488238,0.8466094148871681,-0.3253723730118496,1.826621521440953,0.5717989748291759,52.100695666803226
-0.41343437369966374,-1.8334561883397669,-2.592379054368728,-0.40074955289019076,0.9155852261579289,72.6559870790239
-2.0803030404986633,1.49202925588797,-0.08888662901460886,2.331604584391388,-0.10922484401330745,51.93260284012397
-1.0423431188017975,0.002056041234438588,-1.0416171916665204,1.0265638557089627,-1.0969596225610605,7.059196383422659
-2.133669435232795,1.7635137276894133,0.8548175459911329,1.552137248730408,1.359987103791557,64.85008292150397
-5.12,-5.12,-5.12,5.12,-5.12,144.6235686289295
5.12,5.12,5.12,-5.12,5.12,144.6235686289295
-2.02608064531628,1.0056168648980668,2.8809741937751125,1.1608066598090288,2.9757391759805225,31.228070370927654
-1.3629252250936092,1.2832093273535916,3.1830649119753245,1.015610474717822,3.189933675566249,65.70967915855364
-2.7155918865805324,0.6933313517518203,2.621185444776952,1.3023919670543282,2.7969727660286887,87.4385270731947
-1.770236176063953,1.3427944466056196,2.5001850953881286,1.1916486431111961,2.656191384833873,85.87478683602073
-2.1426289056347487,0.7105470049995573,3.3495421722398886,1.0944987947047045,3.360054570884251,78.95352567413245
-1.007302983060682,0.06590901930398907,-1.0069423535308655,0.9786331919534419,-1.2160298414610584,13.306455611178563
-0.9683298298994982,-2.346380414846539,-2.234728823392884,0.11907536854885858,0.06446348561807902,39.86694098132607
-2.171728178526781,1.3252986574299612,3.0081396385688057,0.9762575425238786,2.9782325462153887,45.39671024896483
-1.827797272426134,0.5086269291302621,-0.7275955621941659,5.12,1.7730656386710555,81.445809518961
0.0949974762011978,-1.2085710987130374,5.12,0.2429524094789084,-5.12,78.09080122847735
-1.6046675392337604,0.4870952283742156,-2.4062866516365715,-0.0592009346235276,-1.4781480094976098,87.57807982944828
-3.0880427152466563,1.240311717421581,-2.520787061711837,1.5743667986254692,-2.572503512851417,95.23132476060302
-1.9364585132350607,1.0707812872460378,2.8487835718165444,1.4056726037006024,3.2543293455706257,60.088396612784635
-1.8392555085033893,0.6301672597108805,2.9933194386774415,0.9188815821113767,2.699391096105212,56.79642600636788
-0.9657065744388857,-2.1424795592114005,-2.3279118822953864,-0.28043848637764324,-0.11883430761621483,44.27595840750608
-1.1917870256763625,0.04612938297358582,-1.0851125982724392,1.0633015178412846,-1.0634677076427694,14.663431992716951
-1.9895885677922371,1.000902263160281,-1.9936474096330756,-0.9893839699397198,-0.989526765276822,10.96633831607437
-1.5049494873059515,-2.7047153247812608,-3.198327640168625,0.5072717965647708,0.3133435052513551,93.64279114066855
5.12,-1.0337626436281289,0.3600941814457723,0.2002816696624663,5.12,82.61750596507214
-1.7180872654113721,1.8700863019315852,-4.986056640576686,-0.012266357116237359,-4.10466559845349,65.45416860606143
-0.33247568450373954,-1.6843276243396734,-1.4197757544744554,0.15520898051899046,-0.98467930855794,58.11301917764122
-1.691190461505422,0.47520704737755626,-1.8388128607683605,0.07678932878736511,-0.688169288997944,60.071505869979696
-0.2593783094654114,-2.638905967187387,-0.4812086070957937,-0.5125512264392542,-0.9937627055922782,75.43588343166296
-1.7620829822150124,1.5002005950287636,-0.46662632642766244,1.5084466593422485,-0.6037737628808664,95.17016395906532
-1.9763574552446235,0.9908934846373159,-1.9639671159843197,-0.992957274213043,-1.0045169000390368,11.135553255504405
-2.01826038951044,1.9187817735494468,0.16214528031573217,1.7469341463298873,0.442525912345892,46.67246991291624
-2.0934994131802234,1.2482232185837914,0.6151079754231716,1.5339977319395128,0.21021202118968496,65.07676800108784
-1.3936966886977142,0.7078916561003918,-1.5016743124441327,-1.5729258013586302,-1.6151840987692765,96.70889972135379
-1.84624932231968,2.4924661028822683,-0.6980443824230278,2.9119991852417035,-1.1184049347580123,61.48102533368562
-0.9901183465613963,0.08952435318246099,-0.9776060872269028,1.0257711263987517,-1.003879012553953,5.796663865969492
-3.0065200537816317,1.7947998802592187,-5.12,-1.7191722675932177,-4.521671323324111,103.64911698900787
-2.6292652757110377,3.427812903582921,-0.8413719150020578,2.0508965171602673,-1.3139595729146647,80.15901063001155
-0.46381104065736256,1.682929709940618,-5.12,1.308505256723894,-3.9933303522484938,97.06662223322498
-1.8073286931042363,2.463368777372861,0.19447207925952714,2.083407327398243,-0.12089934271663694,50.611878085511414
5.12,-1.2982763680456446,0.8671759761677773,-5.12,-0.05915927402786281,77.24530122528233
5.12,-5.12,5.12,0.019126562196765562,-0.08432707378422233,88.22487607753112
-2.6492451116723186,-0.9464128146870037,5.12,-5.12,0.388256558154076,100.02686574239806
5.12,0.14538748333196505,1.7595797319611242,-0.12853836322474432,-5.12,77.35971596073279
-1.0695765615921573,0.6733205894470613,-0.8773492596444985,2.1275143162852954,-1.1087013638346805,31.80669870359284
-2.2375863830016858,2.3340561839270517,-0.3073843886776837,1.9112748301487583,0.005244472742106154,53.50965015657208
-1.5833098114007584,1.6165578198293131,-0.10587640833817691,1.9641015659565904,0.2920202855113567,60.166593020762264
-2.1785814924464044,0.5386867730623042,-0.8742746637080732,1.5573508300179153,0.027975921514729052,56.067707729190204
5.12,5.12,-5.12,-5.12,-0.2391644315075485,125.0757615078852
-2.203358981366404,1.5140077467814965,-0.3028697834155851,1.3828057197124357,0.47132649011699446,86.95407949290656
-2.184799836641336,0.9753049063716865,-0.7792118799891776,2.3962108366612993,0.28466511711829146,56.57541650156401
-2.299712284230986,2.0847584612879686,0.4343875455110098,1.8492741910105979,-0.08754321862811487,52.505217837950745
0.3133859374977881,-5.12,0.20349939599707323,-5.12,-5.12,107.91163883556267
5.12,5.12,-0.059014227622999904,5.12,-0.7993898998558198,95.04257104463133
-1.6673201608498345,2.7353752641717257,0.7071705024793467,1.597373644527945,0.44446524333822257,89.63560849927526
-0.9857224028112039,0.07571938395781341,-1.059504464175916,1.0203294624554227,-1.0087482642841579,6.096724873903575
3.233851388686504,5.12,-0.7643710352668407,-2.3576209218838056,5.12,108.7935766738663
-5.12,5.12,5.12,-0.5855287481059381,-1.5429936303541,127.72561934219739
-2.474843774213632,1.5993919843202962,0.2895893341348641,2.3346659610244096,0.8754581756300048,83.4146106733802
-5.12,-5.12,-5.12,-5.12,-5.12,144.6235686289295
-1.0185553749114726,0.00846648535667871,-1.0078069103335165,0.9755783652833943,-0.993233554490403,4.212060508995648
-5.12,5.12,-5.12,5.12,5.12,144.6235686289295
1.255822467158648,-5.12,-1.6083758347428012,-5.12,5.12,119.07363764870331
0.33605514190530883,5.12,5.12,5.12,0.138833174015633,105.62315758942022
-2.6310665246850213,2.172051130249643,-2.53286767276194,-0.8287705536602434,-3.1955075457429167,82.72658816136993
-0.9063314217501324,-1.9952386520940406,-1.9162662176199352,0.28230566804892554,0.21150521458359872,31.258942338468273
-0.7584939896883593,-2.210062341670966,-1.9078427976021226,0.5472690107233698,0.5573416574227501,67.24340203295691
5.12,-5.12,-1.4181229728008216,-0.13360411042532938,-5.12,110.83005311631395
-1.1355015773920525,0.21804743230253631,-1.7904817545748397,-0.19608328959043586,-1.0072743717253232,31.18313556597122
-1.0257068297686684,-0.009463096165162277,-1.0069679050878504,1.0063449756741356,-0.9591572795330983,4.491694103321123
-3.464890885124661,0.2971830694908304,0.4252496200920941,-5.12,5.12,121.72026019478837
5.12,5.12,5.12,-2.519750856698187,-5.12,141.97109612273852
-5.12,-5.12,3.504009558240292,-0.037484912957378214,-1.7262996754171764,104.86557020793012
-1.2482525591376823,-1.8118986477186234,-1.89911400699031,0.1249750564237937,0.15132893553276894,33.64497706325208
0.43679126751630903,-5.12,0.7917856108700754,3.820138902828238,5.12,105.62116551491023
-1.9888380759766733,0.9876693969141241,-1.9904147067417495,-0.9841526650933803,-1.008154545279961,11.013015660844573
-0.6892783134155049,-5.12,-0.38452780250339824,5.12,-5.12,118.60193278482701
5.12,-5.12,-5.12,-0.8221069742950711,5.12,121.99751284532246
1.5741248075158865,1.4138892777269199,-5.12,-5.12,-5.12,128.7576738895574
-0.9432240965330099,-1.8985975651128388,-1.8456177667186044,0.03695800797859672,0.1879304953077625,21.34252757390061
0.1139888620280658,-2.0637237309860366,-2.186596246046788,0.25220057954445085,-1.02203884805476,29.763999277586443
0.41051740317929575,-2.227610208267876,-2.670231382469934,0.41377486446127953,-1.3354053679190825,89.759015455365
-0.9211441139846928,-1.602103328626011,-1.6118823510956304,-0.07237678350530086,0.3181189495637371,58.13024259725409
-0.4032095037794443,-0.9116644416885906,-0.8403339308205222,5.12,0.24038712080989377,64.41096746641958
-0.9708409842234111,-2.060363748770133,-1.9718014622410314,-0.09102433751581263,0.2353720361122722,20.847474438932338
5.12,-5.12,-0.6567883759877988,5.12,0.38126541642550293,120.22230238231434
-0.9951541837505502,-0.011454823121439084,-1.0126422104402328,0.985629346977615,-0.9941333820795997,4.085259200997328
0.2803473624738668,5.12,0.9975441843514821,5.12,-5.12,99.7442681802986
-1.0057939858251235,-0.018656561989734755,-1.0292902221675329,0.972516512773038,-0.9814234627065828,4.44127854203181
5.12,0.1023137086790431,5.12,5.12,0.207905151562902,96.20979698898044
-5.12,0.5996452370760093,2.1617063141666026,-2.787242951629738,-5.12,101.16776450619197
-5.12,-5.12,-0.28769447022915084,0.9295594569497121,5.12,101.030873029991
5.12,1.174790438720521,-5.12,5.12,0.49653085593352575,113.84680807974408
5.12,5.12,0.3108110413510188,-0.4226174638902904,-0.7584433007762064,100.73929894615736
5.12,0.13961747847769068,-0.7237138757750969,5.12,-5.12,102.56876296746898
-1.3755889785719284,0.5994393692471336,-1.707418081238235,5.12,-1.2171922996436155,91.37802558958619
1.5181106191150375,5.12,-1.6332018859678432,5.12,5.12,128.37891721183902
-0.9895791983553694,0.0013902094228219752,-0.993375888510684,0.9823720719499791,-0.9801669985610975,4.061135200744104
-0.049936040395198944,-0.13606362399109262,5.12,5.12,-5.12,90.7205000259255
0.12096567332035857,-5.12,5.12,2.8210807190673295,-0.2854854181349218,86.5480932032782
-1.0241284358097538,-2.0443884542802087,-1.9052708433258454,0.006024060077151283,0.10128327537779214,13.054116090377107
-1.0007773539455682,-0.018905323445862265,-0.977953018082018,0.9886759368918918,-0.9986906492317447,4.125187580421425
0.25152953988486715,-5.12,5.12,-2.5262751270948804,-1.8799148139227553,100.50295460506265
0.31279462800698443,5.12,5.12,-1.3709257327906,5.12,119.48310550915923
-1.2262705933984779,-0.13589084831387055,-1.7938360529586648,-0.21419171403477133,-1.016249322989335,32.86372004344737
-1.2841480463281236,0.15874340708819012,-1.5819284215634348,-0.19784146003981196,-1.1652975824299876,52.68906265063626
-0.9977052148679091,0.0007465403291568862,-0.9953315541781027,0.9967139468229611,-0.9940214660815503,3.9822556433574405
-0.008907810762566193,5.12,5.12,1.1024692238723928,-5.12,90.00731023013833
1.3283642715582928,-1.2493345492181134,-2.610458578503613,-1.138128374309706,0.11114073878789199,59.69605904421125
-1.1217822043352514,-2.141223770371569,-1.7908799808103963,0.011091641493646165,0.060887458324378585,23.733700563350375
-0.9849649731675969,-0.006536620456621733,-2.0522922627978097,-0.33317434721966954,-0.7932113702155119,28.819768691491234
-1.3805284608154462,-0.6466772664716656,-5.12,-5.12,5.12,122.45602800497353
0.0016890547060812722,-2.139929878582766,-2.009456288997092,0.02406915787841779,-1.1024157098601481,15.587802918718673
-0.032326522829386306,-2.365751479070033,-1.907743675804943,-0.1436160425779267,-1.3958906117934986,51.43218411640507
0.3227545083918191,5.12,-5.12,-1.9738844851994664,2.7862321972680277,91.90405499230897
0.02385630757690027,-2.027307358271225,-2.1123073755521484,-0.12428120003891774,-0.9860193810503581,15.142741579787298
-0.9938078477895367,-0.024119701140855376,-1.960507054836786,-0.028731264453572436,-0.9102222197104526,7.801380778977631
-1.9927153935196014,0.9971842928499743,-1.989262458488036,-0.99734201288459,-0.9980580979072604,10.950193668839326
3.964098614178723,-0.32028720798199384,5.12,0.9457058689558737,5.12,89.66416811973633
5.12,-0.09267380457013807,0.9172654036232499,-5.12,5.12,90.59302979663022
-1.9895093326011732,0.9954793946333584,-1.9856158181956265,-0.9926376785868118,-0.9941091224107188,10.94948909757558
2.0693925637111423,0.26496215267456336,2.722489174836933,-5.12,-3.5549050939511027,96.33164939189251
5.12,-5.12,0.11222663284881573,-1.9156817265578354,1.4397435220660508,86.65219156921495
-0.7989826145506216,-0.12949120549257565,-2.0213185607524338,0.05846260380768964,-0.9905207788825088,16.601785489552583
-0.6144825419530697,-0.008956125002651305,-5.12,5.12,5.12,104.69021139889497
-1.598073747231485,-5.12,-5.12,-0.2385323695850312,5.12,116.8256847469034
-0.015621090078617783,-5.12,-5.12,5.12,-0.5691624714975605,106.2170108921175
-5.12,-0.07066614776346114,1.8447154860756942,2.940662134162239,-5.12,75.95548101890273
5.12,-0.47741422350227847,0.05366388130110877,5.12,5.12,107.46750795559602
-0.08709868708972834,-1.9731504998566924,-2.0968964316572714,-0.009204933145185556,-1.0843737095795145,14.262338554526814
5.12,-0.5815956123116743,5.12,-5.12,0.7690492969528488,115.22411340896227
-5.12,-5.12,-0.6253691898267588,5.12,0.6163801176070232,122.04328188468747
-1.005635120404385,-0.06800016948068865,-1.9325149032617293,0.08892963561926504,-0.748143449523198,18.746484929877234
-0.07364213577313539,-2.102894991884721,-2.1164084765580964,-0.0002913154942589813,-0.979200055783739,15.578214869195833
0.7927150232122901,0.25053409576637264,5.12,5.12,5.12,104.84710422805651
0.020128379480863323,-1.9979963196196313,-2.017896675134712,-0.0029662894282047603,-1.0119634884311237,9.262171541697313
5.12,-5.12,-5.12,1.0974127233440925,-0.6261117386940382,107.20732509388733
-0.9940235686986725,0.002652883615071211,-0.9941375760711582,0.9910592178227846,-1.0004578494052172,3.9905519194290306
-1.0344204131748596,-1.9739818755666234,-1.9877509991971123,-0.00941321884790458,-0.003732268476380085,9.334002304351579
-5.12,5.12,0.5635141390228604,-1.5886439852987873,5.12,127.31832750863522
-1.0162929909623104,-0.020307519289752385,-2.060915477438388,-0.007767015499176466,-1.0017579043480511,7.15394251084075
-1.000727215339409,0.0028591093869252404,-0.9945244090621124,0.9916114530255546,-0.9939930119309421,3.990501537170161
-5.12,1.9371114397849354,5.12,5.12,0.1266044218837763,94.31371846312138
-5.12,5.12,0.7070514094514104,0.7966897548410516,-5.12,107.68297752298862
-0.5050912566003145,-5.12,-5.12,-5.12,-0.6790575317913161,121.79656045823545
-1.8033520725303767,-5.12,1.5362088011364223,-5.12,0.669112136057965,105.22804165110963
-5.12,0.7096850538469832,-5.12,-5.12,-0.19113846714834803,106.20574576930119
-0.994498485188827,-0.0032379642566588984,-0.994726281340216,0.9937699986890047,-0.994122832730679,3.9823875235550403
5.12,-3.1812767307930154,5.12,0.22892217690428573,-5.12,111.44150543046939
1.107060148421965,5.12,-5.12,3.1524093031301605,0.3154789896349266,89.53503465338068
5.12,-1.4906625032609861,-0.7946303867458466,-5.12,-5.12,116.84284568497979
-1.9892581435273309,0.9925632128742725,-1.992270565114116,-0.9956828648820863,-0.9933196729421443,10.947499996021335
0.07597429661606458,-5.12,5.12,0.8441398725708833,5.12,93.03432513955758
0.1102916940479508,1.0233037617393936,5.12,-5.12,5.12,90.24702444520196
-5.12,3.210391311215031,0.4113432364451777,5.12,5.12,123.27508053668292
-1.1743969249977213,5.12,-5.12,-5.12,-1.1763836487040829,100.5013203891486
5.12,-0.6742055428574893,1.2473954857767184,1.6252624417011772,-0.19048028856193167,81.43993642165186
-0.9495801671242612,0.08670789280204794,-2.012675268049221,0.0041864842055190365,-0.9830392583242702,7.963670751683985
2.296793504034711,0.2724048612191208,-5.12,0.6001981829583851,5.12,105.94301486807156
-1.03844091732232,-1.9564979533437166,-1.9554505510861664,-0.0693502327244806,-0.013393231115775173,10.755534501105402
1.9395020159491496,5.12,0.11052624870485506,0.18604379149953765,-5.12,70.77650453881532
5.12,5.12,1.0926463496785788,-5.12,0.7542020868498174,99.91982219638773
-0.9942307715508489,0.0011956080699215832,-0.9963742690561528,0.994384872523594,-0.9937918004662807,3.980957521457107
-5.12,5.12,-5.12,-5.12,-5.12,144.6235686289295
-0.5013038009464239,5.12,-0.6083093675354636,-5.12,-5.12,125.16755858736016
-5.12,-5.12,-5.12,1.4513718695928564,-0.2797515450014689,120.35420679279345
5.12,5.12,-0.11637022664725194,2.0002424302364474,-5.12,93.34476608754272
-5.12,-0.6240314993671854,5.12,0.8454472301538702,-5.12,109.34825071418764
1.3773204141077589,-0.6051834803796066,-5.12,5.12,-5.12,124.10528470117255
0.08961516538771352,-1.9813511967220747,-2.005899042140955,0.012586493536975496,-0.9661753960930914,10.766538042428053
5.12,5.12,3.5326915205996015,0.11572419256351996,5.12,121.58628150739003
5.12,-5.12,-5.12,-5.12,2.344212931116041,136.77405277068434
-5.12,-5.12,-0.06954192905228496,2.079844365885358,-5.12,93.27646869557668
-5.12,5.12,3.059085800268744,-5.12,-0.4457563729226015,116.43688877142328
-5.12,-2.95529606156917,-0.1767123635149206,-5.12,-2.983642261640148,81.51743161340717
0.2719964752230535,-5.12,2.4271638845100503,0.6625846270792852,-5.12,109.82265194969699
-0.19160691385989992,1.3192743075555144,5.12,-1.4289048673249796,-1.493783200064759,94.61550755907223
-5.12,5.12,-5.12,2.7661328587605265,-5.12,132.3384234831852
0.9926663825541073,-0.4982452703267821,0.69701606960707,-1.9984815760650507,5.12,67.9164962779818
-1.002734856830923,-0.022630448471725018,-1.9648125682134925,0.021116136018452636,-1.0250620106960868,6.475095103552057
-1.087533141345161,0.5692193162193186,-0.9209952495455811,2.085062489748549,-0.8929792340833806,32.8220647658482
0.8175020598008151,-2.519334063651732,0.6771163460019469,-0.9691172962897632,5.12,77.75748266572444
1.170725279733416,0.6614794674691238,0.9321201922974387,-3.121478228116926,3.72335371554703,62.122434014687
1.0494182247943433,0.6624847632859856,-0.11370286754787884,-3.484553797804371,4.855709464432569,79.21107826382442
-0.9671295211312287,-0.02571374803784554,-1.98953627259286,-0.047315773966383645,-1.0358537210905432,7.025188625238016
-0.9951083224585275,-2.7346806934502865e-06,-0.9967653412093824,0.9943818679653837,-0.9951110607049927,3.980558576069079
-0.9940036199781614,0.0004739263536057692,-0.9912627675698351,0.9958173579331291,-0.9955417547525807,3.9829830813105787
1.4723846589083518,0.2259699526303658,1.9916661314064745,-2.3153609487387836,3.195880269479729,70.77668271801406
-0.9927472673545461,-0.0014348506757526636,-0.9933348311583172,0.9947462174989274,-0.9956531888395244,3.981841598581319
-1.0116252575167763,0.00540623172161947,-1.9883167709795027,-0.003321220222002097,-0.9933500611617578,6.033844042628196
1.0520368236468043,1.0035765727851036,1.129937553030663,-3.965932465550778,2.31318092542946,42.248632045542905
1.6831954004372465,1.2864846699966366,0.743742413241816,-3.67679873707765,2.1118454034767327,76.56902384450677
0.4527157010906979,0.707906003124922,1.4976717793834657,-4.195920937515556,2.56981430974594,105.0541064947112
1.1236448107416583,1.2556174694567437,1.0769804925524111,-4.3536312807245565,1.7536807680072641,66.22716396917528
0.8596802527768661,1.1410447664588537,0.9731589960478866,-3.389053254867423,2.3688914521089064,62.006612542576995
1.552654298823552,0.716910956271839,1.2048501280665498,-4.040871314262625,2.7178907083812964,79.14654457981842
1.235824072556654,1.3993687402316128,1.302297154399425,-2.08758833159632,4.5941544290512555,90.82718700525375
-0.9951297953996185,0.00022575259046764273,-0.9949302137335749,0.9948016053881075,-0.9948105278166013,3.979861548033412
1.32212011813112,-5.12,-5.12,-1.2943330821036625,-5.12,117.3250322016759
5.12,-5.12,0.4247306936775841,1.7936391734260386,5.12,116.3663474908921
-5.12,-1.3119911309922414,-5.12,-1.638124403926136,5.12,121.44078689766681
-0.00813215206368767,-1.9944395887194521,-1.9463315638998888,-0.035973917766256136,-0.9944292740501917,9.599069585743578
2.8238787317870813,1.4483042374423398,3.7283104832310245,2.321526059401333,-3.1778323251197618,95.78266015724301
1.67643383733306,5.12,5.12,-5.12,0.39974349228034,122.2845031235618
1.19163514467592,-0.7272506563469969,0.2303117772923713,-2.4192227032476374,3.369577952962941,81.37927334498737
-0.5454112061861247,-0.9336301177579394,5.12,5.12,-0.1447045816525705,83.34845211827482
-0.9933021274706295,-0.007071977852589839,-1.9948099894290228,0.006685271438048979,-0.9871469816813638,6.005923110078882
-5.12,-0.8391287814994417,-5.12,5.12,1.025291926226937,93.34353523344694
-0.46254337483999386,5.12,-2.500969158675265,-5.12,5.12,132.96708393655325
-5.12,0.3570321712774591,5.12,-2.337543957114668,5.12,123.82252444832396
0.7538371653990668,5.12,-2.3004742923536923,1.3271743232213442,-5.12,103.00990099300444
-0.6254585715286369,5.12,3.457220853286562,5.12,5.12,135.80931152368868
-5.12,-2.0956355882863966,-5.12,0.54477051323747,-5.12,112.82126133176799
5.12,-0.07183270624035298,-3.3683637304283796,-5.12,-0.41176338193728856,105.64366147247235
-1.0099143561691548,-0.021587940294836905,-1.9924561667266993,-0.00033389016033336105,-0.9868169971772183,6.120869123814998
-1.0272235506466583,-1.9821036877010925,-1.9706784895139844,0.029313386074528935,-0.04336478082342232,9.786595236170058
5.12,5.12,-5.12,-1.8061874217213516,-5.12,125.50368648535897
5.12,-1.1422670489686668,-5.12,0.8260205780214447,-5.12,97.90043547267749
1.19225915379982,5.12,1.5806665061016085,-1.1100343649100752,-3.3582606811496385,89.13460802440316
-1.0076902422168121,0.008902756685264634,-1.9902795938127156,0.019736821475661692,-0.9856574495623276,6.111971293671459
-1.9898378694071739,0.9950791585157388,-1.9898791430249743,-0.9949719127579826,-0.9950361353666475,10.944544970269682
-0.9948312016443701,0.00018143725538966038,-0.9947985805472372,0.9953378962688397,-0.9961809407564326,3.9801758592882805
-0.08407350203584052,-1.9077698234141254,-0.38826028360732945,0.5414080573291953,-0.1881066106124898,50.628484568723486
0.4727541464178264,-2.0724772995525482,0.41702250602603286,1.1227755617519781,0.48243459383621445,68.50022351374751
-5.12,-5.12,1.3731630105250963,-5.12,5.12,134.57341488611246
-1.5539855980754895,-0.904123692642079,5.12,-5.12,-5.12,111.19692634553732
-0.995432394428434,0.00036821115269347615,-0.9943936913663602,0.9940921323382623,-0.9947584315641986,3.9801277429993434
3.371259445781045,-5.12,1.3883411055501567,-5.12,-0.7552321126620534,115.92521745555506
0.9402607814423849,1.2713280575929904,0.6906498920275537,-4.067579437137413,2.484512797766861,72.21162181350272
5.12,1.625769765093045,-2.3821636794665797,0.3945883691241976,2.0412138079215394,94.20274490372722
0.09239736871585258,-5.12,1.1951001961009142,5.12,0.05837522689206853,68.21170877635001
1.1591839052451771,0.9230960857055219,1.4617934600581801,-3.682754542468699,1.8640364027860823,64.35957452174478
0.6780946514532094,-3.25274179863292,-0.09862493443976472,5.12,-0.298486728707438,79.46070110557233
-1.5931756838952977,-5.12,2.501786868530428,5.12,-0.501514227287859,125.23169731500887
-0.8387740735426847,5.12,-5.12,1.9096766650397967,5.12,97.39909857196463
-0.9953712116854776,4.483437377533761e-05,-0.9950638019123774,0.9948693942335884,-0.9952767076726898,3.9798942147329797
1.6802352508579403,-5.12,1.7436213216234844,5.12,1.01814961232518,89.45950477093373
-0.4518923410496267,2.3004204019451198,1.886377545370987,5.12,-1.2209114406377348,82.7562167196323
5.12,5.12,5.12,2.940732325358666,0.21682120576398312,104.08483606493337
-5.12,-1.196816220744637,1.826584515998868,-2.703567844695801,0.41367899991105084,84.70680913917322
-5.12,-2.152703628819933,-0.11140791766904456,5.12,5.12,98.03266188161972
-0.9955841467694668,0.001878787785972058,-1.9954515224852476,0.0029952045465710952,-1.0029149848084025,5.990942665802578
-2.215847740889645,1.91036377764509,-0.7261758714825275,2.433720006321785,-0.2273464293057783,63.69463291375528
-2.3475285067491223,-0.8549047346880512,-1.9990491033001656,-5.12,-5.12,87.71473347781303
-5.12,2.6913062643007084,0.0707038071863364,5.12,-5.12,108.59772708532192
-1.9898626188687198,0.9950800699984326,-1.9898986428894916,-0.9949113533474545,-0.9953659378239772,10.944576340092922
0.0028902772576113733,-1.9904476426941646,-1.9719907897921014,0.024308695147615467,-1.0088051248902783,9.174744395339822
-0.9920719001132037,0.0021421967975818745,-1.9829228721422156,-0.00024245416769819172,-0.9944123692308109,5.982044449435861
1.982150040849369,-1.9580373706088268,5.12,0.15209611841642712,1.093202897503863,44.209626630024204
2.057092931164849,-1.6303853367532644,5.12,0.9521954039156775,0.9248319236458409,56.583291641109334
2.0494055196468466,-2.132551299514531,4.22814249613256,-0.0016133969053946373,1.1657383991590216,45.31524750942815
2.397133549300567,-1.82603451730597,4.7286256486899125,-0.2670092059244249,0.46184878456245393,97.2301354987697
-0.9953839714293435,0.0005926741793276236,-1.9907097243462846,-0.0007081820689132101,-0.993935982227864,5.970287665687081
1.6346549927084455,-2.273170528430352,4.730202529171957,0.3262267836723378,1.7778873631069834,95.6674914555255
2.166198666295802,-2.1966933136576876,3.2685229967064666,0.10221543419511381,1.1588419932307739,50.97603492672387
2.205576217840954,-1.415567465187146,3.8318005315184935,0.2644642867710232,1.358571758871249,81.6331842407744
2.0015762632245107,-2.9339042379808955,3.76847331258199,-0.08913033156874661,0.8942217228959848,40.97154969045468
2.034737566542529,-2.6731099196435935,3.5823613929850895,-0.6402383137878243,1.3132411001559943,90.0592734921173
2.039835790237186,-2.7298737048702977,3.885998372689685,0.5465325313561262,0.6425048945297007,77.28381398714517
-1.0725586898356205,-1.9876669020389226,-2.011958337953368,0.009957211065414029,-0.015190675918613117,10.294158028629695
1.889046564465036,-3.808638977583113,3.5828391766503502,-0.1486283219128044,0.5819477154368826,81.4351413965049
2.442107244551819,-2.459245556877959,2.019304425136741,0.4106811486309603,1.0867071151913157,76.44585979479021
-5.12,5.12,-5.12,-0.10202134649188821,5.12,117.69439541553571
1.4040749318641756,-1.8845744531827462,5.12,0.19673662162521843,0.6745638091332475,76.97588886005276
-5.12,-5.12,0.13672646457964355,-2.3772778449928933,-5.12,113.08446601741477
-0.995144307023546,9.084913561174801e-05,-0.9950152615677741,0.9948643105246742,-0.9949740983217357,3.9798471491823975
2.5506890688391435,-2.3616270609280186,5.12,0.2662030986620536,1.2787261356311568,101.47523383033871
5.12,5.12,-5.12,-3.154411991741023,5.12,129.9978175411838
1.1939569457445813,1.3675803526208083,-5.12,-5.12,1.0317943311732778,85.69360300528278
2.2751669561854753,5.12,0.6942030460618653,1.8417238096716888,2.092544152963012,73.55690763960902
-0.5723122044325022,-5.12,-4.059217398822954,5.12,5.12,123.24863500920642
-0.9951462179767594,9.908799993851858e-05,-0.9950204998396766,0.99486692169073,-0.994962169656544,3.9798475828983157
-0.010427768295509843,-5.12,5.12,5.12,-5.12,115.72042005441628
2.0272508040179806,-0.3839229811486833,5.12,1.7421556653455204,0.8691742491089558,68.2599579523893
0.020653337578015574,-1.9510501378632048,-1.9790265523624577,-0.00905273763225889,-1.0258989574158663,9.564440557488112
5.12,5.12,-5.12,1.556778576919676,-0.44203248676833606,128.10747675722624
2.337907371918887,0.7679778555499244,-0.07524691021398233,-1.6527776057831032,-5.12,78.67002360460779
-1.6801982570319103,-5.12,0.9180860164730653,-1.685289757136208,5.12,93.85235990389751
5.12,0.5767647573446535,5.12,-5.12,-5.12,134.89069120286
-0.9963398211487036,0.0007417596231826806,-1.989949053278139,0.0013251626429537922,-0.9948580258126682,5.970587432071966
-0.9952642517136319,2.6782988255646956e-05,-0.9949486247587611,0.9948303119390962,-0.9950115223832352,3.9798587314455673
5.12,1.2085520085831218,-5.12,5.12,5.12,124.58453644821823
-5.12,-5.12,5.12,-5.12,0.6524444751212499,131.87744517100924
-5.12,5.12,-2.2553401001809297,-3.318972941974473,0.9232789726720645,100.47833886114093
-0.9939082409410132,0.006107597144226595,-1.0008128356161476,0.9961225993955756,-0.9885118293642954,4.00275771746437
1.9398709367810882,-1.366438355652304,5.12,0.14934712793531357,1.2521082319413077,67.75237884099464
-5.12,-0.49288278970836163,5.12,0.39036549149625177,-0.15652952718731505,100.4379101718369
0.13984033191743173,5.12,-5.12,5.12,-5.12,119.33644355815473
1.4563619532831478,0.13693714815435776,-0.418335464350827,2.482367314945143,5.12,99.15763056522465
-0.6029067986410039,-5.12,-5.12,2.9110549597128506,-5.12,115.11474172726842
-0.9956824412436456,0.000920242210161959,-0.9943821085874482,0.9943026975025804,-0.9939655414109625,3.9804548958695207
5.12,-0.13058094883066218,5.12,-2.9444978483428925,5.12,99.2443701904756
0.0006242286149378273,-1.9825223042915265,-1.9970006041552955,-0.0017980779639117372,-0.9800007195347948,9.020386068152945
3.865575478457095,0.33028925655172614,0.1562432606344002,5.12,-0.11682138203734471,69.226800262524
3.130464267222778,1.8650580439062256,1.4981999630993696,5.12,1.3560526136411886,89.02696786610746
-0.995731820342983,0.0016774601799349753,-0.9955700393123905,0.9945215547765125,-0.9936643511844441,3.9809571751697206
3.250843410006177,-0.8355880653862249,-1.5821923691265516,5.12,-1.210639706565365,85.33862281152763
-0.9951513645076542,3.867111542099622e-06,-0.9950072166827395,0.9948892762925023,-0.9950920163294708,3.9798485463393973
-2.0600644245589024,-3.3527458727578865,5.12,-5.12,5.12,118.97918666221224
-0.9977422785317467,0.0004773359747893835,-0.9954601844498558,0.9966884611574294,-0.9988251770120806,3.9850265927484116
-5.12,5.12,1.655838019739706,-5.12,-5.12,134.01786113637547
5.12,-5.12,0.3060152285063644,-5.12,5.12,129.23982765285683
-5.12,-0.041659885143415565,-5.12,3.037299277631937,5.12,96.61505946286799
1.6972127510840629,5.12,-2.489791071258076,-2.4171951191750725,-1.0340664951769094,97.05712228396912
5.12,-5.12,5.12,-0.2792192288613675,5.12,127.60242071447512
-0.9949839593836574,-0.000817262531617402,-0.9945784702278333,0.9943356912734496,-0.9949427647582203,3.9800745196455196
-1.9897140651273992,0.9951078590033209,-1.9899131582126075,-0.9949362309970526,-0.995148036542,10.944558956036786
-0.7215845892060768,-5.12,5.12,5.12,5.12,127.99546196445853
-1.7622391465074334,1.7352355230659073,2.7362348626050945,2.1307203647462636,-5.12,81.27769689255292
0.3908248450758993,5.12,5.12,0.5931604815724665,0.21489260756821515,102.28545456340018
-0.9969774447088318,-0.0004946225554860462,-1.9921648441944462,-0.0022619311942921883,-0.9964821030326183,5.973086354778239
5.12,-0.2983545852826417,5.12,5.12,-5.12,128.77955245409652
-5.12,-1.2864388386002896,2.7509416451745494,5.12,-2.4043950119823787,113.31293223576013
5.12,0.0024747142175467474,0.42448441981775975,-1.8963002790359131,-1.6442499301551683,72.51582111349424
-2.8545553079488846,-5.12,5.12,-0.8177058225194358,-5.12,105.35737433784932
-0.9950571866981965,-1.3167720778639591e-05,-1.9906885133814676,-0.00011439694319204108,-0.9948820104221197,5.969874351803227
0.014411732194480109,-2.0027591122947657,-1.9813377060244117,-2.1891602834500645e-05,-0.9862260897135267,9.058160649322005
-0.007010402006602412,-1.9945854218016148,-1.9905794972997226,-0.0024700565391535534,-0.9999303887344642,8.974897571425885
-0.24013599303810818,5.12,-0.08289783791054539,0.6364360290834989,5.12,85.57090447518101
-0.9951279796898165,6.55820789496886e-05,-0.9950583048191772,0.9947338559465093,-0.9949939323742774,3.979855003868771
-5.12,5.12,2.149236139804634,5.12,0.27642646621343303,107.20596019273214
-2.2991083969363064,5.12,-5.12,5.12,0.9800738667611109,106.13570026914101
0.7674950279613233,-0.1528251475789686,0.5228617701652869,5.12,-5.12,91.8018656118804
-2.8397129862603765,-5.12,2.7849900552200886,0.9860565198941833,2.0510668140561323,62.94889440700688
-0.9961158653232562,-0.0016789697008530169,-0.9957768621661796,0.995216814042533,-0.9956116569820992,3.980891589196709
-2.5711419292822657,-5.12,4.231622515695178,0.06405762519495983,1.7374966302100612,95.9143740475146
-1.0092623878540818,-1.9480845584221833,-1.9985680397386982,0.020018198114565955,0.006870254017141697,9.44132577605982
-2.916237545882592,-5.12,1.4915127680826767,1.7570868784743015,2.161108588921933,83.00609176554198
5.12,-5.12,5.12,5.12,0.15443717120082212,120.07265864489045
0.8901286308097829,-1.5429353299971296,-3.602072174518102,-1.0676267024139836,-0.20626002813512034,65.44671690637036
-5.12,-5.12,-5.12,-5.12,5.12,144.6235686289295
-5.12,-1.783752869792449,-1.4842355271581136,5.12,-5.12,120.00496119300854
0.0031210491901481063,-1.9874231835889757,-1.9907014342760956,-0.0006330713940423394,-0.997426944532708,8.95919125591
-5.12,-1.0229311361784825,0.2683157823741089,-1.0511373259438788,5.12,71.83635119954351
1.5772527931061155,-5.12,-5.12,1.5389652617495617,2.235514492635043,115.34090672517453
-5.12,1.1040088653762794,5.12,-5.12,-2.7994085704970066,104.83529290978832
2.8962439936754274,-1.6369107556455935,-0.15591324270858387,1.75944821612247,-5.12,75.51917755113112
-1.7199334967901252,2.638668244516542,0.2990289742496568,2.4571054019178487,-1.1869146443748648,84.58300254756378
-0.27767694794883724,-3.4126635446667715,-5.12,-5.12,-5.12,128.7595267246043
-4.377012523976937,-5.12,3.186316474091547,1.2801648860726775,2.7281622314563005,113.83353492624362
-2.3933836949840885,3.7928802731225817,5.12,-2.966574592089823,1.656139163338537,101.54065190026503
-1.4756487425195854,2.6009950418197727,-1.9819359218352308,3.4264550745242035,-1.380481269660947,100.77944218737741
5.12,-2.877001208452627,1.6011447897766633,-1.791063490770017,-2.514084040452534,97.5916116841231
0.0002795034053626466,-1.9914483130702223,-1.9940787504907713,0.0050746608052456565,-0.9948774583993343,8.963652989401183
-1.57414141314056,-5.12,2.2263171762035974,0.7098987131934358,1.87251437991298,83.35455146792017
-0.0879069621604156,5.12,-5.12,-1.993369992854963,-5.12,92.25105485004073
-0.9951183601191191,2.2635444896224044e-06,-0.9949814138747728,0.9948497194303023,-0.9950158405006677,3.9798443922352646
-0.6105048091855982,5.12,2.810217789845181,-5.12,5.12,119.03509188612207
-5.12,0.8956851989916377,5.12,5.12,5.12,118.57324299213818
-0.7085490723600962,-1.1763317315836717,1.789058861262001,-2.0870324988548328,-5.12,65.50555826325045
-0.641573611160414,0.6679972457667267,2.430118896514357,-1.7717044480791362,-5.12,97.74407712070524
-1.2094364825161206,-2.6296188203423947,1.2893679652879362,-2.4527722339963938,-5.12,101.33400032329824
-5.12,-3.2068682566430295,-5.12,-2.5791541937609876,-1.343995413833111,118.271856988438
5.12,-0.5182697459988219,1.2943147446200793,5.12,-1.079196797085194,94.85340485562304
5.12,5.12,-0.5626353594744797,2.527702795535988,3.1553704470999184,117.99449438272381
-0.0006693467612652881,-1.9899192674410107,-1.9886786798497313,0.00013562984206583195,-0.9954054376417876,8.955054798985344
1.065196600421002,-0.6408287302569535,-5.12,5.12,0.6969504626744136,90.3136934793759
5.12,-0.9537108659230311,-5.12,-1.2448196709950468,-0.45213311323913086,90.15866234136351
-5.12,0.6156602840573715,-0.32761644719544236,-5.12,0.5609715039593892,110.08498105009056
-1.8338228326864914,-1.7086669494600728,5.12,2.3076962991237213,-2.5776438417239427,97.09790500835561
-0.9947504490199588,-0.00040541136217342455,-0.9951659882278525,0.9950934094786916,-0.9959526310641067,3.980085487770779
5.12,0.3219874354575527,5.12,5.12,5.12,130.1729784260146
1.8608319995888394,-5.12,-1.626461432842731,-0.5615713915712996,5.12,104.12523730700913
2.798026801364281,-5.12,-1.3486935344575968,3.092097641705114,-3.2108813591902994,90.47754001238854
1.7358126211128901,-2.4663677397278816,3.7901288102487465,-0.05890046987061037,0.8391556618803069,67.70542403633289
