5.091172464014016,4.429387359627868,-3.808005653203387,5.1101748769192445,-2.7024488760117644,135.7666691801862
-1.0590133524886918,-1.147794010501043,1.7381994168676362,4.459920085053768,3.546223786864817,92.62359725471067
-1.9120791866135023,0.2513731540262043,-0.5790423676973386,-2.769129331406586,0.3523984276174552,67.01246023068214
4.238971131691348,-0.4382227662132392,-0.7096466720285841,4.49666856369793,2.8507057800861046,112.16726839653118
2.211538083516051,3.100236840318618,-4.169719719518843,0.1858821011649443,3.7378073802647913,77.43191585748926
-5.12,5.12,-5.12,-5.12,5.12,144.6235686289295
-0.3513303934684737,4.771845051454208,-1.779690272991754,4.423197663056155,0.35928178145094236,113.67480406059607
-1.906477582911275,1.6881032071911362,-0.5576496857387312,-2.7488860993670827,-0.46667109274649743,79.24127184077173
-1.6716175695663753,-0.4006161483780124,0.19650869946373195,-2.62144740325967,0.7263113801410599,78.64602295123424
-4.2791360138699925,0.12392698669868007,-0.6047216406922722,-2.775494572473168,1.8646391362290737,74.29531690175278
-1.123152720849971,0.2621256367075411,-0.5812138973079284,-2.7693013628590157,0.26884207695533835,61.71519223634016
-0.45949349318930555,0.12707131744565014,-0.5476580036879399,-2.7734345953142348,0.3829016459256831,76.56634023131392
-1.1625775168247703,0.2831960858929605,-0.5030045174018571,-2.4575221507155374,1.1659535585736975,70.53891850065352
-1.134982868133544,0.2564265784627482,-0.5887982504445732,-2.785363010713344,1.3042192087188118,64.57060876660375
-1.1094378806794012,0.2988824407487769,-0.5440874883563565,1.5591014784211294,-1.0458330132323361,59.78546475628081
-1.1063827296260174,0.3020851095145609,-0.5442158831984489,-1.3273116744606237,-1.3152789812786665,68.74268384202374
-1.1111272654285589,0.369522307658281,-0.5536361812197432,2.977364978980817,-0.767220248072146,58.75334237123217
-1.110667723827497,0.21093827595867332,-0.5685817394740607,2.2252693269180313,-0.5021920848648671,64.23458273649102
1.65552568189924,-0.6298017361504504,-0.5874419223506431,-2.893161199930996,-1.2310104091436536,75.32407716788322
-1.6188543139170712,-0.10291610634495374,-0.6024271978465965,-2.6048488683855675,0.18715764336996799,71.23237816781943
-1.1696189444386293,0.21622538213216114,-0.5022135085994712,-2.888249745687691,1.5971479711643735,66.1737740357031
-1.2092520073729913,0.38945530151840924,1.4588217062015625,-3.1366313867913895,0.610163197948161,79.93362464283729
-1.7355393489752893,0.3427843773167494,0.6353675650532624,-3.7524933904182807,0.18394475507818608,76.46770408799958
-1.1113364768547411,0.4339576576003097,-0.5563481658509559,3.1078026660976166,-0.9588409501868815,55.73064241212414
-1.1112331113835605,0.5150558602204027,-0.550616890035232,3.487420316622008,-1.3125426211967572,91.28454668822337
-0.41805562350057457,0.25135755054815334,2.67366686967034,-3.0894245210509137,-2.023271501161984,66.0719620361927
-1.167731762162822,0.41422257265878315,1.5662163220697174,4.601373953397977,-1.166610643705427,92.34535972535086
-2.898620453603964,0.40278876660149887,-0.9433418202004509,-2.4159987953378352,0.16677323206482253,59.74398535918556
-0.3472053012961167,0.4319622288892253,-0.5571485906965243,3.0961891772443133,-0.9422056534516594,67.7124235164573
-1.165055507550913,0.4333140761782319,-0.5599114357061401,3.1053753261848813,-0.9544486847249294,58.280017554032234
-1.0391280155965674,0.4250780822998399,-0.5486160431091518,3.098101479750082,-0.94806362585188,53.17659819842877
-1.2177955136336802,-0.3341303813810903,-1.5995449968074866,-2.794969220942057,-4.378427966050779,96.70992114836659
-1.0003698303839403,0.39652467867347685,-0.5633614199877828,2.9277725176849634,-0.9344090702885159,49.947663781111245
-0.9929147498517334,3.036575354200017,-0.8616989868132618,2.77335182733829,-0.9281636574475112,32.85832269491759
-0.9873992043567332,3.1026005253357694,1.331803081183665,2.7392197240942417,-0.9266998389601229,49.41044268288272
-0.9890736913643918,3.1375115322023435,-0.8997652097975601,2.7494129854036897,-0.9271798530729303,36.56436896338074
-0.9952077036217535,2.9876772751272975,-0.9209464088726742,2.791882187770553,-0.9291296091857548,29.03949860924815
-0.9854153066626781,3.026194180483734,-1.2570442039969407,2.8381464200512267,-1.0015455239247064,36.12766825202768
-0.9978724885063377,2.907103693792961,-0.9535925126027616,2.816727324654579,-0.9399819160582572,27.884292161489803
-0.9358053448032049,2.83249806696414,-0.9185399196954673,2.821619949992619,-0.902040495381228,33.13266993820668
-1.0007965197763529,2.9267459744309425,-0.9616458093863374,2.808339308995131,-0.9327257949572534,27.87481659313101
-1.019628386204431,2.9192539847095036,-0.9531156976955604,2.831279194130568,-0.9709742392385055,26.47340766841085
-1.0661171543143242,3.0548395225398304,-0.9472208853587594,2.822244174745906,-1.3542840493318455,44.85671764354828
-1.0383754281166953,2.930975893909591,-0.962650015732323,2.8460301166846227,-0.9932948543121158,25.505871133938022
-1.0558099848162952,2.949045684920084,-0.98868967817533,2.8694921043084314,-1.0158210031856179,24.424112352851086
-1.0594419813780664,2.958836341815231,-1.047652271738361,3.1829428269169417,-1.0804173890887254,30.899843062084635
-1.0109108423084638,3.3547517302297516,2.2501382320140646,2.629546173638679,-0.8328937437571282,72.98672771697784
-1.0623095236294775,2.960346009012853,-1.0098593461420888,2.8909474182754034,-1.0290568414214958,23.836354040649486
-1.0649942975317046,2.9668912152207687,-1.0250745769154976,2.911558297752488,-1.037740416099001,23.4877749712753
-1.0677785762351713,2.973679754833827,-1.0333231769394544,2.927784609411213,-1.041443593960805,23.304210116894872
-1.8075812091382857,2.995691884009669,1.0173979953550862,3.3332214334896166,-0.40415557487312714,64.30893363299793
-0.4246564824708834,2.365515281476414,1.263439468474342,2.342457472812791,-1.4485264110628986,96.30819073043855
-1.080955754419409,2.9628353768360975,-0.9945500960133948,3.002835906473563,-0.9939499624877373,22.493047060690508
-0.6786156869141884,3.8975940396963233,1.0940665352948846,3.2121792158477644,-0.7951848950507676,60.67635048793735
-1.4566292063141724,0.6271354653839349,-2.065795905999835,-3.560500978913842,1.0194515209693202,77.3087322365594
-4.138100141293977,0.19889271578535617,-1.9058710907426941,-1.6723056197757495,-0.6957233439472121,64.18761431468823
-0.6295599893841715,0.0298650244144687,-1.8761803786447229,1.8222520844727557,-1.9026135545480072,38.204660671937845
-0.5511092627389562,-0.4587035221205573,-1.7820140588310829,1.4601799605077277,-2.3013881276999024,91.1359395024023
-0.687194260277451,0.35794152671117985,-1.9198334286999232,2.0542336451745573,-1.6295578471089316,59.96274845168443
-1.0799588610103834,2.9670827570280904,-0.9995902455130734,2.986523965497301,-0.9926382637844524,22.369092697216495
5.099765805187,-4.365297237396306,5.089156091343999,2.643858863256547,-4.142688206066774,135.11390279163774
-0.44842145389359267,-0.015217373237442544,-2.6283615652148136,1.9850103394443686,-1.9700921117178343,51.596765708079275
-0.43928790884318136,0.5147614378344247,-1.9255139724024173,1.641752286554885,-2.395714328781912,87.13189695560413
-1.0782988045822188,2.9712514290293948,-0.9980615370243173,2.982158655519812,-0.9853680401537774,22.305787965960256
-0.7353381191313302,-0.2526963308838379,-1.924888166712997,2.0064754663005884,-1.5187160048613304,52.76389040631816
4.80222930774582,5.09794845037342,4.690422152799971,-4.260755369147955,5.015536012014416,147.35128369410097
-0.24549071573529702,-0.3677427765757386,-4.712792205431523,2.438414050304945,-1.6571681756583807,104.64095138297839
4.347613744905156,-4.898654562422977,-4.748914325210934,-4.898615968695376,3.90322251067042,136.2199875688839
-4.035080983170483,5.065616909954417,5.014579336439902,-4.875227113516261,-4.748006982888567,127.5656276579552
-4.613831100035988,0.2112784702116164,-1.059109677913196,-3.6050319837629883,-0.9896498740894852,80.17315883680365
-3.3581196664107473,0.9063150585838375,-1.6403218624463727,-0.7731313133214206,0.6316568800751545,75.431136407977
0.3587137186546627,0.009706632466807363,5.0715533861365385,-3.254963110010226,-3.5952007377809023,95.26924628414406
3.761552065782852,-3.783686717487245,5.033934804398689,-5.110515610148469,4.768528696030665,131.21670885741483
-1.9076983694989829,3.6182579497898404,1.238505460759531,2.699507666137464,-1.487693826659822,89.1329412437975
-0.5111799016231355,3.125978920900491,1.2426639250217049,2.978123202645402,-0.04867905902218439,53.494407494100734
-0.4851967329498992,3.0506304635795027,1.4361536521844922,3.868966206386193,-0.7770746971714413,78.35072555120334
-1.0303184113031536,3.392445276906355,1.1328764409056244,2.142832184147462,-0.04028176412203699,43.7999022651818
-0.18831506577451318,3.8663163424013893,1.1726341674732748,2.041949038156818,0.19517069011283183,42.408396345817444
-0.8091137333069023,3.7915630345691573,1.215446461691175,2.246522251652184,0.8591680912865058,57.375222235714155
-0.27349274749562547,3.5696098907793443,1.1266528821370727,2.141103438590699,-0.510116765946397,76.12210607501777
0.22833413796423585,4.273257226073732,1.2377648344262768,1.622537610786475,0.619612870887555,86.6784005485822
-0.6867968783070504,3.916679887020808,1.1139221499132361,2.5484627745778594,0.16959083749993997,65.93745465239462
-0.440022922947251,3.2898033477982613,1.2695001812435551,1.875509405887441,0.45732081887671594,81.89906167933214
-1.54806078038352,3.1192842132606957,1.151365367962673,2.3661460663693727,-0.05129307658035742,62.65404169605333
-1.069557856667875,2.980453461453849,-0.9941658156328179,2.9727956699340536,-0.9664830854441524,22.175660876114303
-5.053566814370809,-0.6934567322523923,-3.343093890458709,-0.807093195256205,-1.4321554527063909,95.05334275386326
4.822064211227967,5.022217962448695,-4.029212656580355,-4.821204508282093,-3.565796946386185,131.39032161716094
-0.9414831642633148,2.99071705745395,-0.9689507575784528,2.9936884713624368,-0.9970392624472817,21.6105280707529
-1.125059640132052,3.8274887235199158,0.9948687057228476,1.6945911565813354,0.09879384884014453,43.321755036917196
-0.5736905984301437,3.8732989785713476,0.6413675358680067,1.873530391240208,0.2689238245396117,71.76592157653346
-1.1173812104372347,3.8572488857274125,1.65386828177264,1.776091049617877,0.07309700642112027,53.464372447031074
-1.7258754589778382,3.679240915913085,0.9887713539001313,1.4558993272515002,0.011776803683967607,65.09459170995336
-5.12,-5.12,5.12,1.4652336564849824,-5.12,137.60812424850826
-5.12,-5.12,-5.12,4.433539220159143,5.12,154.49583349807665
-5.12,-5.12,5.12,-1.1883525617717372,5.12,123.33374747194105
4.381998492553296,-4.871497245034644,-3.522236044055881,-4.913972730742244,-5.117062287658387,150.04570243017648
-3.458350070785865,0.25767969348919184,-0.40195692221227297,-1.5497654853122786,-0.9200439629228265,84.4908198136205
0.47274921335572984,1.5389644864727163,1.8818677901333425,-3.11763038177337,-2.6507313311073863,83.51520791164774
-0.16897853164683152,3.9457911703221287,1.6295060997826285,2.161033554116309,0.2080369005552214,57.625806369271544
-3.169377935468747,0.24180389883651632,-2.2510252564448896,-2.4551848991598244,0.164386136688635,70.40601138377745
-1.2979836386349302,-1.0984538550446583,2.5093721029101914,-2.785301445999252,-2.2470794508968037,74.41738703138886
-0.8393782896786037,-0.029760710043635008,-1.8948254905344557,2.172415648340219,-2.08855537139522,27.155961375680718
-1.3020133970500347,-0.022066387989434944,-2.023344522658045,2.150389751792318,-2.171950051329739,37.97693497680689
5.12,-5.12,-5.12,5.12,-5.12,144.6235686289295
-0.8584356750094191,-0.03336614027922202,-1.4784161375065237,2.365668411496487,-2.1446923265781446,57.4489965647352
-0.7663715373951536,-0.08945635625646542,-2.2017635887203126,2.3606993670805494,-2.2047420401853954,57.006474304195464
-0.8891373725927032,0.8349446595561814,-0.3379767640258713,2.642571566707135,-1.0181747039340792,48.428450818063375
-5.12,-5.12,-5.12,-5.12,5.12,144.6235686289295
-0.8621828902678255,0.43164281963678963,0.1943007649684727,2.2448993809590547,-1.2578174774371549,56.94340548057879
-0.9599214037080834,2.9899687686106846,-1.018982523793209,2.9959673783511187,-0.9619471882552508,21.49482549312664
-5.12,5.12,5.12,-5.12,5.12,144.6235686289295
-5.12,4.797607394544332,5.12,4.912100330997002,5.049454769887906,139.5109858169734
-1.1216717299844574,0.19691666440782907,0.622781292840493,1.028276763064798,-0.4345984001187766,48.93366157240234
-1.8022869420683834,0.02365782077244294,0.9469542335938357,0.9470130581459673,-1.167590727492572,19.43916799476475
-1.88308195344085,-0.20095245846034437,1.38208609576193,0.8274203326618483,-1.2566276536661207,50.426426475852985
-2.0791123067043187,0.2810980104780185,0.5923408278591902,0.9892912369937195,-1.305000907379391,52.3596729407397
-1.411050997271595,-0.15438280297471252,0.8040175519503565,1.1117958111681183,-1.2188889952557518,45.30444439282766
-1.8080911549748238,0.20753357043927867,1.1313810651256357,0.9071872001142784,-0.7898529235376825,32.22580565411617
-1.8206114773941406,-0.014355307903144876,0.8449502750281734,0.6144661250151158,-1.012840614970739,33.11784372559889
-1.6279125336924976,0.18246108158247232,1.0707502777721345,0.897126494139898,-1.3536029374257508,48.33873607681467
-1.8061858955840346,0.021494879838888536,0.9453156745195495,0.9480023393380295,-1.1627883232610077,18.94477859589648
-1.8912999870121445,-0.003338089755198226,0.9332210609973925,0.9841569946228628,-1.0620081102422176,10.455957068651443
-1.927388093383525,-0.007509774106313927,0.9344009597941856,1.0038546960826409,-1.0205175542750746,8.594497613290997
-1.9515901891183143,-0.008936256674493492,0.9360225133349456,1.0169271967657973,-0.9949115392718486,8.042449857939012
-1.9652007159912772,-0.013652009000528764,0.9307421245417506,1.0225688954582077,-0.982024807679891,8.1094165429299
5.12,3.39291092991106,5.12,5.12,5.12,145.03112096851
-1.9659012045315598,-0.013135769488073379,1.0475617189756656,1.3105141555310116,-1.0308528177812377,22.34689055931514
-2.1241185082953242,0.0007576146476857559,1.0173695836879109,0.9702079351951367,-1.028069434345924,10.824445076607788
5.12,-5.12,5.12,5.12,5.12,144.6235686289295
-5.12,5.12,-5.12,-5.12,-5.12,144.6235686289295
5.12,-5.12,5.12,-5.12,-5.12,144.6235686289295
-5.12,-5.12,-2.864534730985212,5.12,-4.644808457252537,136.10135971326207
5.12,-5.12,-5.095586351513371,3.464149117436178,5.12,146.23679463092347
-5.12,-5.12,0.8495371800222555,-5.12,-5.12,120.5662667021267
-0.9313552116192323,3.0376695486825005,-0.9864702374413357,3.007130593473687,-0.9332186038979398,23.08993594038369
5.12,1.5557764695527112,-5.12,-5.12,5.12,137.51146509473267
5.12,5.12,5.12,-0.8371541421381092,-5.12,121.19323726604165
-1.9265612732357487,-0.04725513980299567,1.0157318342511097,0.9968499412009848,-0.9133111197785109,9.554667725652081
5.12,-5.12,0.518852904697054,-0.421991464320735,1.1544439576405372,102.73234050414271
-5.12,1.8350939357752996,-5.12,5.12,5.12,123.97093114953256
-5.12,-5.12,5.12,5.12,2.091370809646005,121.67587115512852
5.12,-0.16155677840372729,5.12,-0.22508773783519764,2.477040239579062,97.12372153723295
5.12,1.5431131681560046,5.12,5.12,-5.12,137.7153896757098
-5.12,-0.6431985652559664,5.12,-5.12,5.12,132.33067097565134
-5.12,5.12,-5.12,5.12,-5.12,144.6235686289295
-1.9642429919883186,0.031065938607817145,0.9477800725685741,0.9911926704242919,-0.9395297917824665,8.325818067246722
-1.9766667950983727,0.01469871961121516,0.9909752986200742,1.032201831356832,-0.9837903269978101,7.344518900802861
5.12,5.12,-5.12,5.12,5.12,144.6235686289295
-5.12,5.12,5.12,5.12,-5.12,144.6235686289295
-1.9485303475943003,0.025524081426429923,0.983166794436567,1.0518713090139924,-0.9719187769188684,8.199350853355192
-0.9810572944839153,-0.3022419868144439,0.04799653560374306,0.7481299919354027,0.14819718901170376,29.532035806645954
-0.2985568554702267,-0.21092250569147453,0.004411680409687868,0.7350849449123951,0.5785921628034805,51.32680259423889
-1.5909117871499454,-0.4503655389846859,0.0029173165637930154,0.48735194537115234,0.43024104529562557,80.11136614334013
-0.6594793918462685,-0.4516023439828869,0.04678361237006268,1.0075342237802953,-0.2992203136298164,50.156432018427466
-3.2652293566387867,-5.12,-5.12,-1.9023105128482483,-5.12,113.83543285051807
-0.9000302889621121,0.10443152926647237,-0.14611761812778745,0.735934047076988,0.020517739473141283,20.26183961950098
-0.7783664217046349,0.02973466663677904,0.0020733225192781646,0.3972988298512794,-0.11034249633309656,29.476590313850487
-0.8559878451323009,-0.02378947919512342,-0.48579414132306464,0.6955616653320318,0.0401624310417672,39.01926164317051
-0.9195351743660085,0.21992650383085088,0.11388012148121707,0.8481936344433949,0.30643833218785765,31.23206784568999
-1.4916344303277214,-5.12,0.6814627275844893,-5.12,2.1094648714398803,101.4227576753293
-1.9902207325521593,-0.004354325083593125,0.995899540411525,0.9948844459240176,-0.9954641473527781,6.968715839657719
-1.1076296859418617,0.05665801017653749,-0.01747792980189189,0.834091182746528,-0.16717466356316013,14.828523541424573
5.12,0.18088716443881037,-5.12,-0.5803472370417717,-5.12,111.6889095377097
0.648039438100299,5.12,-0.8442926814570964,-5.12,5.12,108.29996864697134
-5.12,5.12,-0.6095173455774656,0.39696408967925567,5.12,123.0042443884661
-0.45286362405318137,-1.7523692087461455,-5.12,-0.49244216428965526,5.12,110.77230385977717
-1.2045964084346452,0.25374696302100386,-0.09763504401316503,0.7419204380289957,-0.21222352564068547,39.52108972005441
-5.12,-0.5159489689947199,5.12,5.12,-5.12,135.9148896971671
-0.9206029115959522,-0.025375608864157684,0.02687576497537858,1.0286521199302907,-0.0904358265124019,5.136037216941531
0.886689169191234,-5.12,0.3402815966999029,5.12,-0.6245497841720189,94.03486530573468
5.12,-0.2730522136223872,0.843567922046196,-5.12,-5.12,103.45747331827687
-1.0507870726328221,-0.04994377832261154,0.00837134125936334,1.1844125583050955,-0.024498210399193532,9.630065330492542
5.12,0.3716813157569243,1.344666667753926,-5.12,5.12,121.24601184885283
-5.12,-0.03851079447368555,5.12,2.0706557729248836,5.12,92.32391232382554
-5.12,0.03687401117927713,-5.12,-5.12,5.12,115.9674087468735
-0.8203440383539506,-5.12,0.00039853732833350364,1.1975379012245275,5.12,72.44225704268433
-0.8332465286125741,0.038363473438316475,-0.02976762960282997,1.1045006603713876,-0.166795393759271,14.498900811685537
-5.12,-5.12,-0.6472612390486043,0.2581392934556632,0.8290073322261229,90.78685268062785
-5.12,-1.2641522663311746,5.12,-5.12,-5.12,128.18497760292001
0.5349503128493689,-5.12,0.6524889038286377,-0.29154132148475487,-5.12,106.73739082426482
5.12,-1.5732472764585355,-0.3368339352715308,5.12,-5.12,123.51148269104553
-1.0330386437635557,0.017718710031597418,-1.918178587841838,1.9394085300871033,-1.9693018420343584,14.857006734051545
-1.0904176446900884,0.028892975226387563,-2.1051998800979352,1.7901735097010825,-1.9255937819057491,24.951242692436196
0.3744992533151734,-5.12,5.12,0.12803518829882954,0.9809629268877904,79.15365499770165
1.9850819841098186,5.12,2.190147084992277,-5.12,-1.9626008066284069,77.08459384013538
5.12,2.251691348211004,5.12,-5.12,-1.281615602783646,115.56649036273409
-0.18241613287462854,2.014052230420572,5.12,-1.7108348712711456,5.12,83.22112890897225
0.5157583724734423,-5.12,-5.12,0.9956251258163897,-0.05216395188288825,79.5965529004971
-4.9757428396656085,1.4271409036652987,-2.5391434224769736,-1.9534511087317754,-0.6317522321586075,93.43187480709776
-0.5027638365170848,5.12,-5.12,-2.1060416550000167,-0.029251390379586795,84.84411369232774
-0.94701623730053,-0.07525449071211199,0.19405149477856742,0.9880317839619899,-0.010229734234135535,10.16823020718219
-0.6050830530863607,-2.722466606547806,-5.12,-5.12,-0.5572350085098332,114.91790945442582
-1.1660563853140604,0.035953472706392375,-1.7358643710107606,1.8640950768209885,-1.938059568206406,31.890481159068884
5.12,5.12,-0.3912204542037001,0.22115846650299797,5.12,112.92762610490028
-5.12,5.12,0.07089690853596053,-5.12,-0.10916023158224242,90.02829289412628
-1.0474385108480018,-5.12,5.12,-5.12,-2.5867857210643606,113.55342868050431
1.2845478704755564,5.12,5.12,5.12,-5.12,129.5026178076755
1.1364031659258105,5.12,-5.12,0.6651956163723334,-5.12,107.0411394577836
-0.6501073066266247,0.7150581334174673,-0.4086165160791948,-4.8853250640480255,3.6978302124459086,100.79284769999919
-0.6514794783118809,-0.11024316856373773,2.58603055719614,-5.003610505450619,-1.8387108603909317,76.93526773127492
0.6627855790838373,-3.758323892447109,1.5168316040514913,-0.038841721556210906,5.12,90.71865101746744
-0.9861935911771864,-0.09771044440010712,-0.011441792287294916,0.9792940441501754,-0.12156205513292395,6.707956091895959
-1.7067330228823234,-5.12,0.048113728573496495,4.218613139642131,5.12,99.74070221651675
-0.9388941341322594,-0.04145429637210363,-0.007076241688134033,0.9897090700286642,0.038795215718521625,3.2560547467450505
1.2241502705541834,0.7615766244971693,-5.12,5.12,5.12,106.50888962647201
5.12,-1.2103822114100637,-5.12,-0.11992930412690583,1.858790091621878,76.71209751065975
5.12,2.851641548391557,-0.11133343107067262,0.23120482280063825,-5.12,81.25650530497074
-0.8948947347986849,-0.04799963290656262,0.007025718977248907,0.9527318934147786,0.014627797520874175,4.754699349702733
-1.003461414018333,-0.015276814691507212,0.0007641830368712021,0.997059387667405,0.020049839795322377,2.131163417618488
-1.013219943409676,-0.003952711614289228,-0.038426966464635726,1.0114818952246356,0.024477194473661257,2.5234684183790677
-5.12,5.12,5.12,-0.23392500412666806,0.06280241516207852,96.59299368656734
-0.3289138242449141,-5.12,5.12,5.12,-5.12,130.56465941512326
0.3290538543314474,1.9879327226847625,-5.12,-5.12,-5.12,105.62838159883563
-1.9907410347006782,0.01222850924194141,1.0057570335866775,0.9871194012981492,-1.0036889603597388,7.044922020208162
-1.0007643912260065,0.004105366593672777,0.015534760375851775,1.0121544431571747,0.02558322292846249,2.2360013488843506
-5.12,5.12,-0.18268513196501868,-0.629157477194342,-5.12,109.98277954303236
-5.12,5.12,-5.12,1.0413791561784267,0.5504957448212338,107.99863287632151
-1.0022889483772017,-0.00887166876307166,0.00803627834457643,1.0022140760820468,-0.008233854593949985,2.0528857992947565
5.12,-0.45246668616798225,-5.12,-5.12,-1.2360321076774068,117.1874547501616
-0.21149489454073844,-0.039851872077505845,0.08411684814873599,-0.07478093261625052,-0.22276920594471417,18.770190022971214
0.21275990020192204,-0.01002610956159078,0.13069119297256826,-0.48224117538407363,-0.2778060328697505,42.93573805748567
-0.33872561057952755,-0.27407920970559907,0.1423440830297089,-0.1170374931538758,-0.4330143859298152,52.6603598841431
-0.04231033699405984,0.29930303395406455,-0.020180128241458206,0.027302987905224008,-0.04023035224063687,14.038765670120782
-0.21589329700212279,0.13619509531934337,0.041050753621448166,-0.1495633366837561,0.16516974938654627,20.782805323555824
-0.047869961042856346,0.15853350087417972,0.25445958586338513,0.13257613047437644,-0.13411789934140295,22.03982062932095
-0.023222460087798602,0.07850704542033071,-0.26347314738454575,0.043749655937325826,-0.1394789549914437,16.217421922279947
-0.22629237282529147,0.2875261720185742,-0.09986666559554624,-0.12447329910944305,-0.3135052919990171,39.80518589471225
0.19961809722484336,0.046850848687702396,-0.05814323189591075,0.05799925397271899,0.11029151300854512,11.001296660851132
-0.0929595842437081,0.022563279086330823,-0.04362398546841817,0.13281225468517022,0.023342270007333354,5.552436304878711
-0.02790622072513571,-0.01330420106939112,-0.01959865847633324,0.030177782574758893,-0.006359103474951944,0.4534683489416409
0.019734618162635442,-0.21338157164654348,-0.02225855243839714,-0.034586822304694564,0.02552777788691607,8.305681488582216
0.1336519013391797,5.12,1.3242161277595468,5.12,5.12,106.36510076893823
5.12,5.12,-5.12,-0.19980970941955256,0.406164457045592,112.18920463573856
5.12,5.12,5.12,1.2274134147999556,0.6017718490209836,115.25264874838793
3.055838923451696,-1.160558646585708,5.12,5.12,0.4858478053602058,94.01159465953374
-0.5219175857380893,5.12,5.12,-5.12,0.8848103782862919,110.24152867239982
5.12,-5.12,-5.12,-0.16221875372318006,-1.5940620152348055,112.40523361037211
5.12,-1.2252615903685156,-5.12,5.12,-0.33301637938650863,111.8209417274583
5.12,5.12,-0.4531484929780252,-5.12,1.1972064518049317,114.72600133837224
-5.12,-1.2549600430701884,-1.0356804571978682,0.7744017721101821,5.12,80.13132196752885
-5.12,-1.5789564510887546,-5.12,5.12,-0.10682133475570499,110.24222682493573
-5.12,-0.9909990384537979,-5.12,-5.12,-5.12,116.6969219110609
5.12,-3.359171050882849,1.0771541622062522,-5.12,-0.16553480534541265,92.74587686310608
-0.6295973533467389,5.12,-0.3352667278399801,-5.12,-5.12,119.2516613009225
-5.12,-2.1308888532311867,5.12,-1.497197495303464,-0.09153380843709247,89.44264113527962
-1.8991941393549814,4.280976984548787,1.504107190035719,2.292050702298339,1.9677532631592216,80.00807945841645
-5.12,1.861102426581299,5.12,-0.16783194080771757,-5.12,98.90209354993425
-5.12,0.8347949927025331,5.12,5.12,0.6735899552681346,107.46408971582827
5.12,-1.2622294659082014,-1.5946481532254349,-0.4778134515699124,5.12,111.16770716773082
5.12,-0.3890179511155205,5.12,-1.041496806527583,-5.12,106.01383111856329
5.12,5.12,1.2711790948590433,5.12,0.1837039176916111,105.70449842835737
-1.996196196768448,0.0028785384074412335,1.000760984808859,0.9885077330130958,-0.9802243019488772,7.032078239750646
0.04317082799310601,-0.007817927889710141,0.010725007969617728,-0.0014614209216459173,-0.05515193999119994,1.0003280463866204
-1.1724787205477423,5.12,-5.12,1.8258216490317425,5.12,102.2161493445002
0.0937544566053452,-5.12,-5.12,5.12,1.3107361444878487,103.91063101249343
-1.9896344344382535,-0.00513473599294656,1.0116590261253942,1.0015426399420173,-0.9969241144204117,7.034633362644982
-5.12,-5.12,-5.12,-1.2734496492847107,0.63469529951968,116.89418047326919
-0.7238343177858182,5.12,5.12,-0.24581522901325847,-5.12,108.73223809266953
-5.12,1.2089741688465292,0.4470339214709842,5.12,5.12,115.33764960952556
-5.12,-3.0251776391906375,0.07412869273381872,-3.5067112131289173,5.12,100.48483957954804
-0.9825145115093425,-0.07370216356030657,-1.991478303411312,1.9773500200051934,-1.972767496219375,14.11343592940149
0.002036333271856705,0.006116740592554848,-0.021477548031126226,-0.04404902108981634,0.0037207304334136992,0.48487285322365636
-5.12,2.0896384387728464,-5.12,0.35266396593547267,-5.12,108.8221093630168
-0.0042898032496232474,-0.01462705212050519,-0.0424128280371594,-0.009486107484977246,-0.02689936679854643,0.5619072686998123
0.4887712802729256,5.12,5.12,1.2973632473831138,5.12,121.6035018388483
5.12,-5.12,5.12,-1.9664795634822516,-0.06776775624717502,91.759653779138
-0.22456492827587482,-5.12,-5.12,2.7004246060007118,-5.12,115.59031100588969
5.12,1.5494214110111875,-0.1056237343564872,-1.0576743533653188,-0.23496326340269746,63.86078288775945
5.12,0.24494315838867387,0.5852952546604806,-0.7358256194516564,-1.0428504688358098,70.4862281842605
5.12,1.1526641296484126,-1.7884398187752728,-0.8291320633569805,-0.15721266016577573,55.75561153661785
5.12,1.6403731930503769,-1.3200341696081943,0.2122632473329853,-0.15885653454313076,76.27650332816489
5.12,0.8922189876558626,-1.4908671802296078,-1.9522153547062069,-0.15680026173334127,62.88989457295914
5.12,0.4527591356295311,-2.7673981436206376,-1.053585491220245,-0.36730847766596497,83.7875565994274
-0.990556472492953,0.00023995037826818333,0.002505864569243066,0.9911109742432709,-0.0001802920870064284,1.997957851437107
5.12,1.9438881760196036,-1.5705808673986872,-1.4079348382946448,0.5564640661915181,94.86012004570392
5.12,0.8493293453015642,-1.1515056123802605,-1.0150123046142276,-1.040155312718178,41.8004982885864
4.392864698294024,0.6494892570456514,-1.0835777035643286,-0.9576250014410643,-0.7063099649322542,70.44211937299971
5.12,1.4252858752953692,-1.3579301396439267,-1.2405419090174044,-1.5258258356151044,101.13363160499964
5.12,0.41227807369693803,-1.078866109119585,-0.7584559054374118,-0.6408723473225004,76.76741428219225
-0.012389055963585527,-0.024420313643358504,0.01968875873282272,-0.012314208828820838,-0.002050133985616931,0.2562279874135527
5.12,0.751474254615558,-0.6907161186719701,-1.5104673917823175,-0.978569754456581,76.82126754924393
5.12,1.7435384261343128,1.4264511349073787,-0.3514471723734429,-0.32888063938442613,94.2950069358501
-5.12,1.7577230359859541,5.12,-5.12,-0.15216115665064134,103.63436420858815
5.12,-0.9224008736723368,1.5216011861470706,-0.06444389212967216,-2.346737757189614,75.19487004674659
0.3741856126171612,-0.45411537927321977,5.12,-5.12,1.9149304246050018,99.8795022229029
-0.5694870998801971,-5.12,5.12,5.12,5.12,135.0851153372651
-5.12,-5.12,-0.37180118011527075,5.12,0.6636096769503093,119.44569493371053
-5.12,0.7877264310027661,-0.9630044732406757,5.12,-5.12,96.24269660777973
-5.12,-3.20305797912639,-0.22015474409851343,0.23355612446091456,-5.12,92.40952466928888
0.2128176839520517,-0.40716912283679374,5.12,2.081572424969452,-5.12,89.710007598246
-0.007830109818726783,0.016860094864621367,0.004723791965666635,-0.002727365534725301,-0.010175885131131324,0.09494275243790895
0.008673321666941902,-0.0006522096963532675,-0.0012706480393465114,0.0006219363173363135,0.005907246184733594,0.022324323219109488
5.12,1.107738090487893,-1.1883303527359463,-0.6987728144956868,-0.8315841145734915,59.4291106987025
-0.006474531028412223,0.0001786683925910637,-0.004448154591375264,-0.0031442571437505507,0.006212613942778056,0.02186444478059002
5.12,-5.12,-0.0911777393688542,5.12,2.0334268738075743,92.73362955074106
1.2713599101264323,-0.5423785630869613,5.12,2.1508535309289805,5.12,99.53738961617225
-5.12,1.4186201690838631,-5.12,-0.1476687130464125,5.12,111.53367986089567
-5.12,-5.12,5.12,-5.12,1.136834493108502,120.46502755583779
-5.12,2.6743552201292458,0.09462275766299744,-5.12,5.12,110.22712975587206
0.0010175896032862397,-0.0020461883132041336,-0.002752580503361912,-0.002232710282142669,-0.004950744721433864,0.008390328093710764
0.2922408182011882,2.8398937818580166,-5.12,-5.12,2.1693608219050438,93.12365179261127
5.12,-5.12,5.12,-0.22192191497597946,5.12,123.99304336469932
-0.9868076646007822,-0.005293718945830861,-0.001446270492910351,1.0002051847436606,0.0003106947357549572,2.014535338834243
-0.9964237149342248,-0.0006774547989234492,-0.002155294394092344,0.9947088080087312,-0.00044975292152926727,1.9914089117755367
0.0034773856768461897,0.0022304461759858896,0.0036650666775370766,-0.007285253527615332,0.0017122451931443905,0.017160145693395634
1.3610604601145448,5.12,-0.5232092680001932,5.12,-5.12,125.21967160783566
5.12,5.12,1.6701924024534875,-5.12,-5.12,133.295337113874
0.07537184920416884,-5.12,-0.44667695533027185,-5.12,-3.084704936778738,89.49773280783438
5.12,-3.6609696846372604,-0.7203733271914894,0.04092759520249167,-5.12,99.25905940603133
-1.9978649411063265,0.002017690550629503,0.9944514425566444,0.9979940729142038,-0.9991790733381558,6.98346010162588
-2.2665221551053096,-5.12,-2.152438241938479,-0.517788593591022,5.12,103.10827616178238
-5.12,1.6654142291633143,0.2819602229565934,-5.12,-5.12,116.68989271766685
-0.0013546632663965497,-0.00029443891845115644,0.003524064655149317,0.0029364688838233732,0.000514464200956688,0.004608172453075099
-5.12,-3.9602670300690983,-1.8477550620552474,-5.12,-0.3985704505467398,99.69010096800343
2.29422200140442,0.5522423931018752,-5.12,5.12,-5.12,124.55158731205482
2.601580815981116,-5.12,0.06146605535263561,-5.12,5.12,112.31407061823128
0.7841874979080252,-5.12,-1.946617743229886,-1.6903525289413306,0.3842379870883281,75.88958391662183
-5.12,5.12,-1.3188451139271913,5.12,1.8061511167403088,112.51235842375779
-1.3328656655150337,-3.1793898162445573,5.12,3.052989376475691,-0.46484094694996525,91.33479833555486
-5.12,1.8270613484639817,2.978230176803467,-1.0430848483431818,3.2164903931207514,66.27927726333195
-4.756281080320755,2.250524928094652,3.2198160785241816,-1.059123322212404,5.12,96.53611180866305
0.0015817958743689076,0.004573313028138237,-0.0019688914784481426,0.0008439954074468403,-0.00029247313334312963,0.005572867373480506
-5.12,1.4627519443768344,2.941201917642,-1.0675977770076486,1.5117161871679423,84.40357277956582
0.7393815150533145,-5.12,5.12,-0.9840950176176726,-5.12,99.0058458658438
-4.091145453826434,-0.9238275897856463,-1.5199225326757841,-1.9642430411849108,0.35646612970371994,62.98020621956038
-4.053930039957067,-1.6762938452109521,-2.334645840666978,-1.8415344889833385,1.7698356826685382,74.64313875374613
-1.3750933670278753,-5.12,5.12,-5.12,5.12,134.66495145381526
-3.294031858425515,-1.2080563359724148,-1.891530664237417,-2.3585867911923226,-0.8709707104554516,63.98559186768102
-5.241989375726064e-05,-0.00013621952248588087,1.0169391742920197e-05,-0.00023932490734157597,0.00011667097205059207,1.8310703815416218e-05
-4.270693756331761,-2.2551150299380023,-0.9364253034631291,-2.17082529318,-0.5195063041936194,76.74174002028022
-0.9950034209213054,-0.0021965181023029245,-0.0002584881567528896,0.9942688740508228,0.0007996974063191331,1.9911101460652958
5.12,1.2057860442087769,-5.12,1.617085222327515,5.12,115.51440148510967
-1.3831149785008252,0.29115547407399944,-1.671994686034389,-2.376435774621139,-1.2935119514583322,86.63528728917564
-1.9876358945752015,0.0021421548322555495,0.9950086633156756,0.9965356727295367,-0.9940219351829329,6.967312046912205
0.5189846226610779,5.12,5.12,5.12,0.9477735191844889,108.40429556160456
0.3896109283512814,-5.12,-0.4848393884830351,5.12,-5.12,124.80519886046335
-0.9942613539508827,0.000562990597074986,0.0005735888600524319,0.9957536787404742,-0.0005286316127817159,1.9903234606653584
-6.756179117584082e-05,-0.0001229664418671561,1.3815018191642991e-05,-0.00023579918188243454,0.00012221288847769074,1.7937308925297657e-05
-5.12,2.892198709038184,-5.12,-5.12,-0.013392845800488828,97.38206508290725
2.127348594577832,5.12,-5.12,-2.52020825799149,5.12,120.60474497775208
0.3928913376536016,2.2326444600888387,-0.6076715159509094,-0.4119277022467367,5.12,97.63918095674036
1.0525882475977593,-2.4581435994827285,-5.12,-1.682148128119859,-5.12,102.1618551049234
-0.002021782907557501,0.0005515004208724861,-0.0007237055390740821,0.0013710918225982027,0.0010728224374485507,0.0015764785890155508
0.1810054685468412,-1.6495316978598824,-5.12,-5.12,5.12,111.22894530365957
1.5340344635253356,5.12,0.13951596361281116,-0.46360003054235754,-5.12,103.5512587288773
-2.5219981761162074,-5.12,2.643340537575889,-0.9514859469116672,-0.9329833321649712,81.49848483227976
1.6183111174117224,-5.12,-1.8205068502347577,1.7347657152231815,2.9061943186533545,82.03158162544862
-3.325834744453471,-0.8253782917867012,-1.275866546795425,-3.228476218825336,0.4650555185294136,84.064866003009
-5.12,-3.6294626109253176,1.9291498242618932,2.347982049246302,5.12,113.8765198265933
-0.373731206377907,5.12,-1.4209660803593884,-5.12,0.013947468091205728,95.85343670764786
-1.3506981700611584,-1.8420769679117512,5.12,-0.9634220899266,2.992204864729602,64.74404201332109
-0.0001229583733559636,-9.767065287036303e-05,-0.00013465415846170004,-0.00015255308064432427,3.180574409178405e-06,1.3108284051099872e-05
-1.3542771949369534,-1.824409801551373,5.12,-1.2579437182585327,4.84457901323024,95.6258843869708
-1.0228727302413905,-1.7460945813816857,5.12,-0.8443863066638304,1.4085037502763154,68.86878251805277
-2.316703569103376,-2.0191287329999548,5.12,0.2265788621506326,2.3535865664136386,82.69341209579916
-0.6214575435558274,-2.7068909895576736,5.12,-1.9755822786190635,2.2513285576118953,85.71283252061409
-0.9628031063980069,0.006557552556282431,-1.9909967170557432,1.9517506296896716,-2.050072843677808,14.146456187681252
-0.9944170259122869,-0.0006565850482100899,-0.000307147057612589,0.9951336734541938,-0.0011333242772595398,1.9903414173956975
-0.9921260308525568,-0.26248449491242276,5.12,-0.9932004288524103,2.38401227151798,64.91279276216831
0.30683241526902183,-0.9935168633310969,5.12,-0.15780809909528237,2.3483904536085163,69.37125073755305
-0.2502569386888185,0.29905867454983515,5.12,-1.0576079007712682,0.6490814764517348,70.23903234725748
-1.1516707550320922,3.785756200651565,1.1780164968780182,1.9454903430586379,-0.20572883595606672,46.31756548108692
-2.394335976089175,-0.5528086326986923,5.12,-1.9252654351429177,2.0900778190287994,83.01040966427342
-5.085755797473723e-05,-0.0013982477064704568,-0.00044550266522058735,-0.000892584826305054,-0.001127939779710374,0.0008382247380112062
-3.61046693531223,-0.5582183950651469,-5.12,5.12,-5.12,137.1460086182224
-0.8385915342801384,0.9454380838712986,5.12,0.3615304727857822,2.2283858056076777,66.01092445021442
0.2090218951383802,0.6865272014520771,4.061846589316176,-0.7859122760105661,2.5546081343114073,73.41949905041835
-2.4283715993225226,1.9763290850067934,5.12,0.9901531053437056,2.1970023325063126,70.39982428890991
0.0018424812483344155,-0.002184774806127443,0.0023076498915841626,-0.0021234739629454324,-0.002810306530350637,0.005138298487253223
0.29078835735238684,0.5697692846548774,5.12,1.383025540605546,0.8886031405604209,83.39516547101894
-0.9945040677928247,-0.00034664775314308116,-0.00048018582290598744,0.994861660118322,0.00017480478994702509,1.9900365986539796
5.12,5.12,1.8356646921060733,3.0778514169626563,-5.12,105.66335504355327
1.274639353287716,5.12,5.12,-5.12,-5.12,128.86551991956262
-1.330627083695144,2.242320033203412,5.12,-0.9241071458488666,1.6308233079462626,81.52972081099007
0.00016010673061561675,0.00019005590838538922,-3.343811354206139e-05,-0.0005983069100894411,-6.854723140481411e-05,8.44243596702654e-05
5.12,5.12,0.07935355631844931,5.12,5.12,116.92258991660566
-5.12,5.12,0.050490980367709604,5.12,-5.12,116.20041724791733
0.00015163685534158589,-0.00015063751376054313,0.00019442910805000935,-0.0004874359921185345,0.00025180655793732853,7.627942822807654e-05
-1.8277262893875563,-1.6850009502030856,-2.7457562112655474,5.12,5.12,101.1145948932196
2.850742763094586,-5.12,5.12,5.12,-0.1224176357925737,101.8154535881756
3.7986614807810097,-2.2958830960515155,5.12,-5.12,-0.9060476219005533,99.89670814084475
-5.12,-5.12,2.285580439575771,5.12,-3.9136491501698414,120.96777324833255
-5.12,5.12,3.4446211006050573,5.12,-0.07402954775594406,119.10817114892191
-0.0002955733478167133,-0.0007261677244336795,-2.2384281822773744e-05,-0.0005732078164761845,0.0003705373916149668,0.00021447137656593895
5.12,-5.12,-0.7480828147665903,3.2437301731189914,-2.056484808380675,93.50978825494414
0.5074808709932848,-2.1245886617117855,1.8323672864188225,-5.12,-5.12,93.93070522430648
5.12,0.6515081820407147,1.7803990284817983,5.12,-1.0493586374316806,86.92441489607825
5.12,-5.12,0.38114017886336793,2.113949828545967,5.12,111.18214910127182
5.12,0.627893587316338,-1.5726250709199472,-1.1080488643900015,-1.1071487005832577,74.56304615987882
5.12,0.18774120927537208,-1.9201313850215946,-3.153730679518681,1.0436264918484834,55.7888967311771
4.299536023969909,0.061120157064830316,-1.6108058239903325,-3.9987271409317424,1.3232907273292946,84.73319751403014
5.12,0.12668341695476748,-2.2942615796931913,-2.2096511867471533,1.3014267099582995,77.19729326783654
-1.0890702539736852,1.5493573851026907,5.12,5.12,5.12,111.4092514295806
-2.25074336209665,5.12,1.6588237638148335,-2.4115659964603684,2.549168343458116,112.54556818119548
2.3920793714994035,-5.12,-5.12,-0.6242846452807136,3.4099660809172674,128.92173930480155
-1.5024309735443149,0.09322538098876176,4.455267491884384,0.3042915071769263,3.23940183666529,96.65524893982202
1.3364326943595666,-1.4970909555906777,5.12,-0.8771956090561623,-0.09089040714497543,73.31468992064197
5.12,0.7169040612119737,-2.201776138021701,-3.3423082909705943,0.2017687553885139,87.07476972936013
-0.9948959604094769,-0.0002285803543253806,-4.7627123437088414e-05,0.9949426014384217,5.5827922128770524e-05,1.9899303783014801
-0.9951064368368279,0.00025274432478017417,-0.00022257614788045998,0.9948203151173196,-4.106110549884079e-05,1.9899490758776608
5.12,1.1269430862801233,2.173350714156811,1.5102191022883957,5.12,94.48683019386877
-1.879423496361119,1.1047095347218,3.5557587713219982,-2.910363095703385,-1.6864304848286533,68.35863398920787
-0.000301269955535588,-0.0001330593746518005,0.00011740720446162811,-9.970298302519609e-05,9.459671372802347e-05,2.800146179993135e-05
-0.9918028058661283,0.0004009713103343415,-0.0017100509807264075,0.9948836413067736,0.0009375847737054244,1.992680052131277
-0.0002560414999477345,-0.00016820438486053746,0.00020094857390517973,-9.708993146784195e-05,3.0290020385237426e-05,2.8682379785038847e-05
-3.824459588346241,3.075563359878797,-5.12,5.12,-0.15385191559843747,92.87476518249764
1.4636803777907348,5.12,5.12,-1.4097809092916016,-0.7779437785757963,109.01435422822546
1.2166387806028434,0.8362357016079098,-5.12,-1.1867469092968905,0.8971581527837138,54.22511544716153
0.21073806453642607,1.2909163870244331,-5.12,-0.8713134770081314,1.3075035775221764,69.83457459581699
-1.990077198228156,5.661166586534705e-05,0.9953720114957401,0.9953531252247423,-0.9951771723385221,6.964788600047314
1.727245367332097,-0.08676691749918852,-5.12,-1.501565662580835,0.45750953133181227,86.89935358187795
1.8018012716442788,1.7507898175328265,-5.12,-1.0872192458665948,1.005563640503862,55.65294134397657
1.6017376404331198,1.1739991470189555,-5.12,-1.4807805581492013,1.9454691869913994,82.78420330346219
1.24887314370371,1.5079867448286555,-5.12,-0.7774332416553662,0.07927932043924901,72.78576879337072
1.798655442881917,1.0715324637427264,-5.12,-0.14477785769140628,1.1692986429624161,51.68350823131518
2.697227953490093,1.8128256665329614,-5.12,-0.06585676674103436,1.0810792573283843,62.182537813389835
1.6599103261401975,1.1795528666842419,-4.1799884010609905,-0.47588432924441726,1.0725374083993318,70.72330979018088
1.808505702143866,0.7930898492844198,-5.12,0.9401434850369323,1.5041097304219546,70.39795196431707
5.12,-0.09983073221901329,-0.9581325544841173,-2.853453938932337,1.2177653981594405,53.661881072725095
5.12,-0.9284288364230653,-1.5510700672598392,-3.072599115525096,1.0462291941398538,64.6531113708246
5.12,0.4306949269684557,-1.1766552869605857,-3.0056827230811938,2.092634873539745,70.18071765612024
-1.0010110965522783,-0.0016027615238831672,0.001303505592183285,0.9978295127547367,0.0008032982081029871,1.9997933964045842
5.12,-0.5588607567281736,0.35567452442333813,-2.806295535250732,1.3127533944299126,94.82622417874762
0.06914170971524047,2.789072654525488,3.7824663299757004,-5.12,5.12,96.41286356892272
2.9152443342306453,-5.12,-2.283590130294289,-5.12,-0.13087586338572166,88.25441016108422
2.101234642345495,2.878892289773778,-5.12,5.12,0.9266558477360203,77.16831543390111
-0.00026791814764948185,-0.00027443008902938715,0.0007752546178485531,-0.000775329414678616,5.5152830034543854e-05,0.00026828301481884864
2.0699835627802088e-05,1.3058769597229514e-05,-5.4789430031121356e-05,-0.0003381310867851539,0.0001679834347996234,2.899538399958601e-05
2.7251269589260305,2.6744867773091965,-5.12,-1.6119039879337795,0.5786878564220101,108.99291658119634
0.6070022068534566,-0.3857988924947513,2.30734636573116,5.12,-5.12,112.57431694839919
-2.1013555832504323,-5.12,-2.1959382145862043,1.409638208928052,-1.695689764706454,83.43097569098538
-0.0001037156259009464,-6.613226303464614e-05,3.0029770019979196e-05,-0.00021120392976303748,5.185807069363335e-05,1.2563882641813962e-05
1.5376502553755884,-5.12,2.102694788766981,-2.3882671803566122,-0.645826783590481,97.28653617944781
5.12,0.35090798639184406,5.12,1.9152194426896623,-1.453919203509567,100.64776082998648
-0.9955099640907807,-0.0005956765381807116,-0.0006802534201799659,0.9950775259106521,-0.00042097888163716846,1.9901785523328357
-5.12,-1.8188694182149736,-5.12,1.4068089403257709,2.4334780253926462,112.3385344437844
-5.12,-5.12,5.12,-2.89613800885898,-3.7287006311576114,122.45408001098737
-0.057184667841752024,5.12,-5.12,5.12,-3.4781383332941056,119.41924037532286
-8.056195304018132e-05,-6.344589529838629e-05,3.393703820631089e-05,-0.00023329120330828346,5.559076579064737e-05,1.3725248990681393e-05
-8.096271778956776e-05,-6.242001838874245e-05,3.446534515472166e-05,-0.0002358709691465677,5.7546509473205276e-05,1.4003661249262223e-05
-1.9867340291008064,-0.0006619635939815183,0.9963836373216415,0.9930894252881126,-0.9943256947534351,6.967969204759164
-2.4910318853442965,5.12,-3.678149655052699,-1.4447106306230175,-3.280087360073735,127.13356539804538
-5.12,0.9023583801414619,1.0075904010636876,1.11712994671006,-5.12,65.34994961217356
-5.12,0.5574879231676428,0.9940570972829814,-0.691801856691292,-5.12,92.5643869088004
1.4771658801413654,1.9553108270218091,-5.12,-0.1293731026677314,1.401426479412419,78.46799154466731
-4.68321600841648e-05,-2.717022941567393e-05,4.214905938493274e-05,-0.00031133611317724075,3.3603873755616576e-05,2.0388235242307928e-05
2.458013114513042,0.897985453621291,-5.12,-0.5408143095956044,0.8814037069949521,80.80438408598894
-5.12,1.602533305007487,1.7151719281377096,2.423364191201503,-5.12,118.26146178365197
-0.9948855708456632,-0.0002975749807516692,0.00015789106042873868,0.9950383625027426,-0.0002861270677145811,1.9899591889047343
-1.6344044422967792,5.12,-2.9350898080276138,5.12,5.12,115.5215268552177
0.0006508360251258338,-0.000805316036631254,0.0007449411683602136,0.00046253410606489354,0.002619823986349523,0.0017268676238941794
3.6122198496365217,2.0253384746934557,-5.12,1.359654348444634,0.8806989635507909,85.47888969985617
2.407270071245348,-0.1476317287000093,1.3856756589636863,-0.31048949912321877,-5.12,90.3494526842168
-0.5102577957570169,-5.12,-5.12,-5.12,-5.12,135.93845504613537
-5.12,0.3306010926428744,-0.5305929596361585,1.2811938385927428,-5.12,106.49557483012802
5.12,5.12,-5.12,-5.12,1.592101348495249,136.60544091749853
-0.7474210447539305,-5.12,1.7091604916024679,1.8028893106417367,1.5244227357674518,87.29902988394718
5.12,-2.976029681975661,2.996392375955801,2.4509824118804646,1.036805915856851,73.75355752981716
-5.12,-1.6608361827201277,2.161638266872351,-5.12,-0.5717066677048859,104.65218603698284
5.12,5.12,-3.4469838517263653,0.2726807673326288,-5.12,129.60074873021324
-5.12,5.12,-0.2593329012579497,-0.4566685456169033,-0.13431301578747412,91.71555692066298
-5.12,-2.782185630521526,-5.12,1.2103925411890337,-5.12,111.5082190615985
-5.12,-2.905676673653919,2.97844617441,2.164204228918626,-0.49399885168675084,77.82306487064635
5.12,-5.12,0.9771877474812776,-3.164203135080216,-3.7863708455325247,95.8568007782919
-2.8902375174512884,2.9298036018702733,3.170824259941054,-2.483324343357391,-2.2973158657511146,79.78067701305324
-0.20935117584291607,0.45656885219791477,3.8570365445736483,-2.702369132651673,-0.6922604065093987,80.28205824287474
-0.0036440625056828324,-0.001406880454717374,0.0039034800774011558,0.000480013495879561,-0.009265645345213791,0.023123150185355712
5.12,-0.9984685000672942,3.009287205965866,5.12,5.12,96.84437365919288
-2.419504887740422,5.12,-3.3040286182808782,-1.9458040493080127,3.194245075077162,98.904835794186
-0.9948949018493307,-0.0008416587250934526,0.0008057035894895037,0.9949673762557074,-0.00015745526974608737,1.990193179530408
0.9983825383990323,0.45030315298072665,-5.12,-0.17503382848553173,1.1192941916838093,59.06667771944285
-0.9904543949643525,0.0009502627826929455,0.0022727878039470184,0.9952321379746811,0.0001891262906221769,1.9951655269458897
5.12,-5.12,-5.12,5.12,0.3149003203807048,129.76374729484465
-0.9991276115527743,-0.0014015499255419783,-0.0006625065061491853,1.0006006678563235,-0.0011661953527051239,2.0004257260913434
-0.00146417538631205,0.0005974143176619151,0.001268958655171737,-0.0003803400713664473,0.0002253212358542811,0.0008543504704618954
-0.9950628137155277,-7.64047149699465e-05,0.00027442506904673536,0.9954631179558975,-0.0002485653867978499,1.989999089989297
3.209370817103263e-05,-6.524808744678978e-05,8.588464235703697e-05,-0.00019956784368257985,1.6190515570002617e-05,1.046576639396335e-05
-5.12,-1.4116710356300342,-5.12,-5.12,0.3556388905634069,123.55324689867658
5.12,5.12,5.12,0.3951550116116005,5.12,133.7625182718944
5.12,5.12,-0.7173757311925151,1.4534390194962938,-0.01664781691136419,92.1421051535144
2.1344619696968117,-4.021500754035663,-1.6950748848238475,5.12,5.12,98.28672791767431
5.12,0.5947385951866071,-3.4839254401869857,-5.12,-5.12,137.49465710570024
-5.12,-0.6350971995256964,0.48545648189803714,5.12,0.6951680007354124,108.91596221238063
-2.459809107250333,-1.6242124024400035,5.12,-0.8235091665452163,-5.12,109.54889168533758
5.12,0.5912097584068086,5.12,-5.12,3.069668212334899,115.89171289153686
-2.4938787675139054,-2.5787533961257854,-2.857102267986058,-1.9415340555101768,-1.038996993714509,69.40760864691563
-0.8042832377580229,-5.12,-3.5207332847598938,-5.12,3.1167098444737187,109.74640464084479
-0.9720163487798139,1.5491212981873215,5.12,5.12,-2.178755655813948,91.29424878796002
-5.12,0.8508526589722685,0.9430039702080668,-0.7515599176973957,3.477961080429284,77.71854544473103
-5.12,-5.12,-5.12,3.0083634553977054,-0.8400404978913629,101.18344756157825
5.12,5.12,5.12,5.12,-1.6900237230234132,132.23489468442946
-3.317665405804954,-0.9249358184612841,-2.2359829582890898,-1.2760924196977577,-0.11770300011397428,57.085476914945176
-2.570852140473587,-1.3383485114164815,-3.300680741979151,-1.364347731626061,0.32209928741089655,99.64576531825176
-3.940108650594195,-1.039047635087102,-1.6180984587350857,-1.022123060544807,-0.4758143876151255,58.84480323962828
-3.183634078088472,-0.36781787069223437,-1.607348224986393,-1.5734085535290463,-0.4040539378798442,93.19057188846878
0.00047744130091587067,-0.001339386743500981,0.0006618437543979283,0.002193558284059094,-0.0013803087305461759,0.0018206035885341976
-4.19895432937557,-1.3387953706957787,-2.3642542616405935,-1.4702607742583722,-0.1605069201461351,90.41481811987242
-3.55432484119458,-1.1219655312633976,-1.7349943411828361,-0.44755349542711986,0.3928617686677214,87.69725695284743
-3.240135897774943,-1.6960354834338038,-1.820992805669,-1.1058619769054472,-1.4454139966194082,69.94508890117251
-1.990017124528547,-0.0007650434539883122,0.9955628522596918,0.9944520864688684,-0.9947557513982943,6.96495809319002
