-1.7583108914749814,1.3924312832917711,-1.551038131383435,0.2838991971724534,-0.2577942841707428,1983.12508108699
-1.9712081565678314,-1.8815765012438086,-1.0326495345621582,-1.664813066381536,0.7979976815758123,6581.127295321526
-1.4525638898671502,-0.19180625460375822,-1.1649965735324925,-0.5984048255537444,-0.03016325101126638,1086.4306339553889
1.6928827216791351,1.0888248461564363,1.940063301368789,-0.39993080398250735,0.21615390879898344,2110.0639831493195
-0.7931468599506251,0.354795393080253,-0.9219272413065267,-0.1859265886032404,1.055396843881677,337.5581632489047
2.048,0.25635331412928464,-2.048,2.0318374930927687,-2.048,6291.904701444606
-0.8355927182522283,0.38307754164940855,-0.9343059507816991,-0.1885777744749455,1.0015570225547195,341.69736407428434
-0.6345881456603899,-0.016482656231007198,-0.863269283821503,-0.17502620687576376,1.4128124824328108,376.42900716978534
-0.13463400279823667,0.9775271191039394,-0.7811006283410877,-0.1650417123434258,1.190273868702925,594.8136435865076
-1.089394212788387,-1.0628383546674751,-0.9131641516053881,-0.18242383275075613,1.383291610208882,1222.594874697124
-0.7176660178515637,0.29842119928862054,-0.9044171657849069,-0.18238159054097713,1.2575802191362984,361.82438976657284
-1.4294762439481308,0.34893234748867297,-0.7419431576902686,-0.14168684252916375,0.010084148929320857,420.3035793875211
-0.15853150739551758,0.2540637517450288,-0.8709479556167787,-0.17568904176693034,0.29319947283270187,193.6997861874544
0.28328443292343053,0.2113154742120309,-0.8769728442644495,-0.17942136539108056,0.25569188200857385,187.66818902776748
0.3990191681785382,0.1965887246640139,-0.8784288718752613,-0.18060335214285317,0.22609378023244409,184.59100255984234
0.7870792259080153,0.14517008135603238,-0.2873573672641774,-0.18447538220733306,-0.09951941893188998,44.76277005568401
0.8086108708661102,0.1749704291057852,1.1704295664022468,-0.18406965707607337,-0.6463714238568694,442.7571481432323
-0.35029632043873615,0.15410221369950117,-0.24004302438483038,-0.18521707026609668,-0.21140824230649735,24.47292942032287
-0.2961560868634825,0.14729447425221842,-0.2091008969340482,-0.1862952086811802,-0.21513737791216903,22.491116216110782
-1.8021425602916779,-0.4386401428050597,-2.048,-0.8281431330980766,-2.048,5153.294401544976
-2.048,0.16384631073499412,-0.23215603806467433,-0.18648250331752192,-0.42932639619999136,1671.3997910418175
-0.2700526701333783,0.1331964568891313,-0.1925421821699791,-0.18615600530687382,-0.3281740676962712,28.126163646354094
-0.2750658991598727,0.14572257536143995,-0.17871657430132037,-0.18813323026326412,-0.1531838737778939,18.044912571905336
0.41251764897995225,0.01326039871015583,-0.04753734280625688,-0.1977610385613593,-0.1640435138378873,14.668444384422543
0.4137010191868997,0.009503606476608528,-0.046138655976684984,-0.19834354799964782,-0.15879260101227577,14.626457462284398
-0.2729992559623129,0.13207015176288106,-0.10629720656461927,-0.19265546324618743,-0.08480158952649597,12.528544298344716
-0.3015075256704469,0.11585939982247462,-0.056437861415346235,-0.1952662194794581,-0.09148614152930246,11.188975281202012
0.473085526794506,0.03845133711948412,-0.070884176533762,-0.25140454274184987,-0.07607790949498794,16.38997761594727
-0.3689609141063983,0.12136316243401968,-0.06659185908989906,-0.17377944170516746,-0.030698732982769705,9.391430866820112
-0.35832676274174036,0.11934478080297461,-0.051204422093821256,-0.14240885248247737,-0.0531117028709307,8.109298996605254
0.7495623060238916,-0.06153042068813441,-0.10852788337910102,-0.25622612145352686,-0.22709135417225168,59.86996194562719
0.3412988809358426,0.08726820999512386,-0.011066367772825103,-0.1762415179544743,-0.03874736716020344,7.390776817817427
2.048,0.14102135761927048,-0.9547208710477451,-0.5830015952224619,2.048,2261.1738252870596
0.41245166347551043,0.09877949756776783,-0.05543704707553365,-0.1760345551756779,0.012449509198892983,7.8306718742050165
-0.38460348966063873,0.07022475164358033,-0.05726842982541047,-0.12577113298877785,-0.031138506192518456,8.043228027494397
0.3228112780326704,0.05992738414285492,-0.013733692189580538,-0.17198792456942935,0.012065998098476527,6.964767340672714
-0.4579910680469983,0.10173727389840748,-0.14357911549383395,-0.05836196777936009,0.23337855483141912,14.80921720337383
0.2877176566616053,0.0076065081882652485,0.07311258905965667,-0.14568557214006783,0.29694633401442383,14.646034993222841
0.3753047563441032,0.05185053950667129,0.02633009028548816,-0.150944613289548,0.02909133194919944,6.71336904280847
-0.28590227841794813,0.07982305490921338,-0.008136540543594695,-0.12154279975027427,0.0269148372593655,6.289502517706942
-0.1996340735937101,0.05895569965375724,0.013977849251557206,-0.12282894455513294,0.04810549901346972,6.227709470958729
-0.24942949834429684,0.06345459887519089,0.003991743048276319,-0.11927823928416403,0.0495823382866738,6.231269210321017
-0.22667180298156664,0.06779873537546655,0.009590452042476993,-0.12440817948404437,0.038540211078009534,6.251596901059715
-0.11837583372113558,0.052474907694828765,0.02279944052803229,-0.1237347084209599,0.04149429058344678,6.166864420627017
0.48656975832230875,0.4981841397401152,-0.12664966678457623,-0.44952752745795266,0.13844404769690932,46.85117380295793
0.1041675067984289,-0.011708460452413583,0.056691150592376616,-0.09047952655701774,0.021608314016606123,5.171635538908257
-0.2714840081974801,0.050007179630337184,0.015738250663447584,-0.08766922167866253,0.019880775953121432,5.53243847084308
0.32915766316764605,0.15023423572304484,0.06858460965276025,-0.25597273253218256,-0.011833739696597068,11.397957281700027
0.0307901851183483,-0.019384540607314982,0.05523458900020817,-0.07418048580979031,0.016622375802179068,4.976081072197038
-0.1377065879658157,0.002754153995726316,0.04791970623200914,-0.06935266008516616,-0.01522905373023331,5.1481905495562925
0.20942659691992205,0.06800433156522345,0.05879944010591798,-0.16668601942796624,0.09978574290426856,7.505724970551962
-0.014401123149958561,-0.016950566401866318,0.06421856807500559,-0.06753511173820903,0.013066617814053938,5.037413926061804
0.023089106415288718,-0.0173932661056595,0.046055202584844857,-0.0704532139187426,0.013565122270810193,4.820892302022893
0.11400038612800101,-0.05714534544200989,-0.0162338527160375,-0.07003269035827286,0.06787473345792083,5.5009377198169975
0.29359298426074965,-2.048,0.9532805165899068,2.048,2.048,2107.2453068263135
-0.026928650857205305,-0.02543681412966592,0.021530218256131217,-0.0377609926666409,0.02981032366558889,4.4791888640465665
0.008902570902163731,-0.03034534626406149,0.02129060869136712,-0.03822763353739855,0.03427836144190266,4.47104972239355
1.4734135253611043,2.048,-0.45276106101498237,-2.048,-1.7181946729729491,6177.117829535107
0.15217598443856817,-0.02834344115373444,0.02859456582318387,-0.06978992076191304,0.007455529516835924,4.706056018427589
0.25769888209495884,-0.006034841299913385,0.03824602950110778,-0.07784026262608701,0.012992908843814543,4.954336363999638
-0.050713908268388064,-0.005450605853169588,-0.00010486885459481954,-0.10328941525066448,-0.1877914151921123,9.344338213047692
0.11876145762713941,-0.07343496376518699,0.017513850068230585,-0.02231569616760476,0.10812641725245298,5.929821904716231
0.0009157352356923276,-0.0332221912496129,0.017430201863031236,-0.035210622085237286,0.013356162532652593,4.380662452345039
-0.042406023478928745,-0.05534590593181954,0.0014871376225547017,-0.01276959239243558,-0.009094168042356188,4.574771093273138
0.25028563611552324,-0.020088675535566036,0.01138069516047402,-0.06491437698031177,-0.014442622536012806,4.868441758990044
-1.0914538073960514,0.5918914486162401,0.508543411509728,1.138636424530219,1.0403689255867241,127.23356375812513
-2.048,2.0142305468686077,2.048,2.048,2.048,1812.769978173266
-0.6102373511501709,0.09529478337213515,0.08481382089281819,0.06715773617444842,0.02810276743934237,13.786049420746428
0.011734304500597759,-0.03650401491117794,0.02077893754618554,-0.024654664417598227,0.0027778391165402816,4.295282210955715
0.6542775973118706,0.2457254028553928,0.2724368325686921,-0.06877740015081746,-0.22000624497309307,17.27767673632929
0.006787078764481258,-0.02505290051884046,0.035856818990058326,-0.006319888019453046,0.0030009897131284546,4.1732236958896305
-0.10787439958673861,-0.02060367199109958,0.025229886147215552,-0.0009457765678750896,-0.018841118860102757,4.422315305235522
0.7522236114354057,0.8127895284486879,1.3205806940295997,0.42865847494273357,0.8124143761426912,262.69488000451446
0.6133697172189496,0.3982587105778057,0.2198697579005402,0.06462343369967183,0.1576468757602405,4.800775101269274
0.7701319816552723,0.5044144728027549,0.9583764474780558,1.494995668160997,1.3706658236959148,158.83111703396332
0.017225163159543477,0.544112644163703,1.2484271705349141,1.6580754892731346,1.2287763079917156,354.105935303693
0.66875711616653,0.23430554680971127,0.13882599783124627,0.0681037497329382,0.0551053250649729,8.037516366175605
0.017027328860013125,-0.01575136213967454,0.04145046527510887,-0.007785362296281129,-0.0014526412396889121,4.137191050970955
0.5561384011434827,0.3191735467648149,0.1245584005681648,-0.08608823901319629,0.04023852461267685,3.8078415171203486
-0.41782226986828674,0.13779231199485942,0.1150644997797512,0.013329787752498934,0.009751802199245763,5.5778120890028005
0.5576586065195057,0.35367054446285584,0.20895389712690626,-0.007935149764792815,0.030031077047902865,3.49678424833697
0.4519220802162063,-0.30323854281284457,-0.6775610215321732,0.32823378309462825,-0.20143740516438502,101.50358670560293
0.27207863459180137,0.46657430381195697,0.18235575095374035,-0.11052038805297015,0.1564648229790877,22.398332517994472
1.1751915787928677,1.9208058513505417,0.43197419722357466,0.7429414148157867,1.2165500146636172,1166.661592947804
0.6090863319356945,0.3587646358808301,0.21827056223355745,-0.019852949365378514,0.07445151252152815,4.036213051102308
0.47365063716000666,0.33380820393275856,0.2153908007155172,0.04957121304116496,0.15761661280764017,6.927281727621676
0.19362425061142252,-0.2762869516823241,-0.02138157502814364,0.09874873314182375,-0.058353259781046996,16.365033044262816
-0.5742432716856589,0.2526707419591845,0.03327536077672821,0.08101521018278923,0.08609438770446776,6.774515937442148
0.5716255348572088,0.327627169541413,0.15348621760030356,-0.013384447840559588,0.000964427337276863,2.7286870981975984
-0.4277284273431372,0.15219839634710208,0.07368355817182337,0.010816113161702834,0.07687606623253007,5.535615370365732
-0.9213196382221269,0.5306503910309259,0.0776636307512435,0.8432246996052783,0.13153911359296488,122.73939595807055
0.6011617580972737,0.34787087504960157,0.15286203555327482,0.004944864276262617,-0.008971841439424644,2.453872147317123
-0.6307653699823181,0.20139482153360255,-0.23801316223511337,-0.11829526987069738,-0.4302768202535383,40.499001543450156
0.6144928206590667,0.36253326776693306,0.15508703074582053,0.009717010616742794,-0.008682141025561751,2.356438602484811
0.5960997310680658,0.3865425132004745,0.13288712178957907,-0.006376559055549347,-0.07887317236336266,3.1093631202088594
0.4325892822637365,0.49383166138398016,0.2769968552724227,0.019628913323861852,0.23424926236553434,17.37339776378066
0.15033129479482676,-0.07070734025606007,-0.03306186009497791,-0.1254982069191577,-0.0048442523958609485,6.862744732392796
-0.25230569110367274,0.33098025859852154,0.13412476627558956,-0.09047453936396588,0.18654804739923936,15.519002544366572
1.4550528139392145,1.2593277939176248,0.8336000664736862,0.3795653559444614,1.23720029817332,260.31058427225116
1.9850000911342125,-2.0131142912093156,1.3288913091013792,-2.0145102693010326,-1.9077241215747591,9293.820851494947
1.23510583717907,0.8530721803324104,0.8515280964805592,0.9492466146839762,1.9630474372605526,164.65207568901985
1.034415939301426,0.3990804429481609,0.44671043735231963,0.7006361562831676,0.008400098744977935,102.42447177923871
0.12725647077440527,0.009435361854406743,0.08030178406484989,0.027729045552404852,-0.1079993202852012,5.410371305258353
0.050446368658335405,-0.03959181597944772,-0.0684775065104486,0.003277578270906467,-0.010718233703899127,4.797393567676758
0.6439322373808452,0.3971390766330676,0.15110236088307882,0.0014428313438323848,0.0196529228365927,2.3273714120140303
0.6319997730069713,0.3842923309892452,0.15269855739531213,0.003794184154253699,0.004423885763524815,2.290337535404927
-0.520335345765532,0.23985953678503558,0.042611233603389476,-0.024487062447362984,0.014850255124799983,5.062571584359955
0.6795875476543642,-0.5462693546981101,-0.5063385582313353,-0.5575510351929787,-0.4020279443760073,290.6485240302881
0.6308599287393482,0.3838476096964687,0.15217106200757646,0.003961008058949389,0.0032546432139417547,2.2870290722160695
-0.6159723032749509,-0.37118745545841825,-0.7943912121765946,-0.9356877097052341,1.402072784517404,427.8897289627371
-0.6198817437374722,0.048205889700187576,0.9327930634619972,1.3429234938122891,0.7543668732078497,233.93424757957487
-0.6774827707543165,0.20556194200571776,0.8931633405315824,1.3354904241868781,-0.08653053179894443,461.0275037871739
0.6422603469593025,0.3923006633205879,0.16183236805229617,0.011196858090522621,0.002851450041055248,2.2478417191509226
0.7401697215763892,-1.3490945676565174,-1.348800438399537,1.5471684417392129,-1.1455994118032489,2635.496479418385
-0.31722754419413524,0.11330408261337155,0.055581884817765825,-0.0012804203337015707,-0.005603588404010207,4.619617838190097
-0.34929848069133573,0.010994959827661077,0.2549268712484838,0.10305057088308,-0.21990730748280463,17.3425550407839
-0.5137698023329269,0.2480603005247506,0.028017631629465356,-0.002455636325098709,-0.0012221790479158834,4.945392644700406
0.6516037495419873,0.4011095655047887,0.1690704383821191,0.01768825497089077,0.004067073142567157,2.2105277726624255
0.664767743291161,0.41351502958176534,0.177953697905044,0.025983923377391083,0.009933146209096577,2.178119247055433
-0.44682696603790606,1.054292738844794,-0.7585670484147833,-0.18820244440688882,-0.40654366805077635,507.21453704944145
-1.3703499728446005,0.5938964509945568,-1.1366833129664167,-0.6825807089261438,0.34119711857087376,791.3378247301149
0.20723434331160728,0.5059380812250089,0.25654357038378484,0.04109458993163706,0.01840742427414499,23.8700533566635
0.5073998211257189,0.2682370782735295,0.11352041718738048,-0.011131534030499601,-0.032782689867592474,2.9367646165041417
0.8685232167889532,0.3796942609446683,0.035915029696398815,-0.08514996705741784,0.3034849739513952,27.23899748752023
0.6651009913544206,0.4179710717968499,0.18318413211507156,0.03290353759504505,0.01313916142746896,2.134634407434089
0.6687944312790544,0.43205310964593524,0.19619038316954018,0.044734911379552766,0.019512678357264335,2.0577343407437745
0.11947929169749516,0.0465415296931182,0.06296452699619781,0.0065186258724314605,0.08310694781809325,4.713818857415855
0.3024469681129567,0.08551036210581708,0.0454424568904237,-0.004428289323035628,-0.0007733994847707315,3.3961567155090826
-0.2460540516138623,-0.05603941969987747,0.47946528532833366,0.285231399545415,-0.13419617339400203,32.45001086003415
0.6837502567603702,0.4559076097592354,0.2187182405657242,0.056792938391368786,0.02892616259263958,1.9954434428289516
-0.13546149894816772,0.022498682376864476,0.03982705870604075,0.010805320176932032,-0.011886402085971248,4.324461012651057
0.17818798255969304,0.14309601470256306,0.0569213918420326,0.12452581870049562,0.06697010087889455,6.173979424570468
0.4404025343898521,0.20260296226542218,0.07820353867709029,0.003115988981433393,-0.00817250674439629,2.945606032175981
1.165930659367521,-1.5305736833758878,1.9746216390858127,0.4900371659059819,0.795423361302475,2049.4038703505385
0.3092673972203732,0.26154487997242803,0.14372827553525314,-0.02464772739785337,0.2888532775168713,14.638934977991497
0.7307785023378512,0.49912385466236664,0.2735338619572061,0.08896725165815189,0.06261326375581167,2.181766658087951
0.6956684299085509,0.466274273021559,0.22902072654135175,0.05928335349789249,0.036574238373311196,2.0155372529617797
0.6783308032001494,0.4524466103459255,0.2191068971483321,0.05868205625473655,0.02423497234369254,1.9804219605455702
0.508686936668699,0.28513358141017386,0.12728214616524447,0.03285013270608461,-0.019924898446801453,2.802244018172176
-0.18816411564961744,-0.15196477329742408,0.18826450463547628,-0.020134516410386993,-0.0727168806022016,11.520848032565324
0.6817699444950822,0.4581778488806294,0.23119642497048165,0.06499805778509637,0.025140982775063492,1.966847685426381
-0.08688861867205522,0.005441074666596268,0.06006752667352799,0.009622005308124404,-0.023424670324912356,4.454618570632511
-0.410039671911252,0.16053798332254665,0.03904037376305558,0.03424400399221783,-0.03928261733731553,4.843129674029425
0.4431147088736851,0.37045389599051015,0.12441573879286816,-0.29181218423882505,0.3530829577072008,22.810884366709512
0.6050140933711043,0.3684585970576255,0.14880123625398944,0.009965248793778692,0.005724967772604561,2.295145040656106
0.6807623946864614,0.459415216652876,0.22837804873387801,0.06334339954816315,0.01913525396175153,1.9338564891000147
0.5586467106974768,0.37738172692285143,-0.0002000019066379366,0.30096449493772104,-0.14396501718462296,19.09088753235546
-0.26545867659425215,0.4146597401857748,0.23623290383528772,0.3306874529731325,0.338793189779826,28.055633047759912
1.7418257934944248,0.15712199986301778,-1.948137148527988,-1.909734163486652,1.7773497329999945,4839.502445630208
1.901415611780287,0.2432080681664317,0.7743701920263772,-1.8310536051379762,0.6541929874945955,2516.816823598247
0.6035931072369385,0.3760985180913221,0.15608735748763536,0.03516322752495915,0.002873817922166122,2.236709416057319
-0.5540998060775941,0.14147330045740691,0.21654163200536747,0.3966924120838864,0.2883737856564337,24.685641281469138
0.5144207261424518,0.27621032285810987,0.1021746615990824,0.025176187070091505,-0.014316866775558879,2.640503332415763
0.9749041105463361,0.320075912300517,0.4439470310905089,0.9698369186627671,1.0497991908656537,113.07753235181563
0.43301520671405935,-0.31588757243547483,-0.3070476840420455,0.2013555179740214,0.4665947951004652,65.58911929824185
0.4346291902373718,0.17181105122348894,0.03985590369927117,0.007266167573088733,-0.004691102952017356,2.9583092483608713
0.686934391484304,0.4739639642377056,0.23717051216073148,0.06925466734993035,0.015379430692215035,1.8671641996582453
-0.17199040406579846,-0.43050101871051183,0.22776150647890248,0.24311656051132013,-0.6576790572256006,80.97202711479153
0.3351062008379464,0.11509032400917585,0.030142029135636683,0.009830415232682466,-0.00517645434607461,3.1862787671298625
0.5316802011506803,0.2680184762648663,0.10587308271634255,0.024617180555803753,-0.02432069904110845,2.723440520482297
0.5977619567898733,-0.2177293321925522,1.1393408405130523,0.8707318646955291,1.072376484410582,182.11750615111674
0.1714577789566727,0.024263111441638507,0.016053313761680066,0.017998948026373363,-0.011714722737848238,3.6435418892481573
-0.012614383489655268,0.818399982498089,0.7374914847445702,0.1019095064494433,0.5565959587213931,118.71374177526582
-0.10402630159566062,0.01838016255260211,0.03674406314835599,0.02457766963987229,0.025011673240425747,4.313542088897011
0.6976192564222985,0.4926302435503529,0.24679910179012277,0.07603498748850113,0.013418794317733962,1.8038336310692875
0.029278312125225803,-0.6987216788911872,0.3387580013533382,-1.4183397697909899,0.14205778500469934,645.8784453410167
0.7038683644561536,0.503479939039241,0.25151149433093734,0.08081183803410052,0.01511776129890885,1.7844269881495256
1.019508828332588,-1.1020706555577255,0.09192403440831454,-0.24064993181039918,0.4270192112650393,611.2319576868022
0.5697374009572145,0.32551200995352625,0.11613792674665291,0.021593496182795935,0.007495436259410848,2.400508185398908
0.6116826586825002,0.392857397109724,0.16272568537980847,0.029044625824065307,0.00046963392998389253,2.205879564916718
-0.16235693012094732,0.14409032856875337,0.2651232552386382,0.06737179465115384,0.6469068489408172,52.11528619807019
0.6536428778530614,0.45240664933530716,0.2180181479362311,0.09806734017247098,0.055379204405505256,2.3907021268176485
-0.42720585231978436,0.4635542263772017,-0.363001078969974,-0.2561528139007754,0.2785153335740418,66.6352843614928
0.649956838485994,0.42648311553127183,0.18134614070144828,0.04163905244302457,0.0006738562001018522,2.0495357592711843
-0.014590379950484511,0.029351366157649217,0.03783829417932694,0.12259933929546296,-0.06271150199249886,5.9613151377811
0.6702981344593715,0.45394911608429567,0.20914908875618288,0.058573456123972356,-0.057784071628971256,2.3184338919606975
0.7086973262636662,0.5123144334223002,0.25952852934642845,0.08684546661569081,0.020151576400909033,1.7697194428992182
0.43947190223053756,0.1916614526519158,0.04738891584448268,0.010110423841031224,-0.0007957988920015424,2.872788004199888
0.7099738380578042,0.5157253067590997,0.2641837577029684,0.08779844292547567,0.020515388224721764,1.754916514471185
0.7114089102196015,0.5212865544019021,0.27035469632311226,0.08650253295200905,0.02226063612005902,1.7423821413055687
0.6079919308447677,0.39578625355205155,0.16079765557423187,-0.029190679167058864,0.09996771207317945,3.6376530604482475
1.0998249067841779,0.6212894287218567,0.6064421930691961,0.7216280829339188,1.2871820274274826,111.12154886387009
0.696550903497104,0.29653571303847537,0.02453992184124809,-0.7189650792036657,-0.06707326958146131,94.33541197081692
0.39838333907404655,0.14675673210625106,0.09147392118953146,-0.03716452965398931,0.04375417521255631,3.881355951678145
0.5109369544925801,0.24719892575824254,0.11766545589608812,0.01204839878919639,0.046668829765105,3.1163085509167
0.194509402892451,0.03777910292548636,-0.003012338650941082,-0.007747583431927385,0.017742809511863022,3.6355290650919883
0.7147991655618755,0.5240001693323828,0.27472790967276595,0.08145496613306014,0.020323640265096365,1.7170382890062164
0.7193634706060887,0.5274196259558481,0.2764607783211588,0.07730163392656753,0.018326925585661957,1.702466596315237
0.6875368688033903,0.5305147087257489,0.25672264941289624,-0.023999311474154794,0.14310380776737386,5.15410726677411
-1.8823739817350793,0.48214685950199865,-0.2491533003125983,0.0681529326583914,-0.12531655277277687,972.9786660156084
0.7248739318047503,0.531009603125038,0.2800119345882419,0.07965108084411865,0.01597490400591539,1.6739844595262703
-0.9869269402014886,-0.42881486784520173,0.8336633595707155,0.9775662730544084,1.2670403414216498,262.7169806156999
0.5286628418519492,0.2774963719890806,0.08215067512632146,0.012841425241850501,0.0016173698018597804,2.5680665083671794
0.5889675678240316,0.3469928338365391,0.38197919600776986,0.0705282284669404,0.20236867719303664,13.148060971312407
0.7351211346893027,0.5396317467836349,0.2865703226547751,0.08309553583642026,0.014863509700350885,1.640429241071495
0.7446130778187734,0.550222204383028,0.2939352429687685,0.08746656642729533,0.017826555592478588,1.6187833943558034
-1.77287058507159,1.2418902976975201,-0.28989725360845786,1.7692467235492884,-0.9878800308326043,2687.0212538893993
0.7488702934842117,0.5550647795289869,0.29641912038580776,0.08847387294056563,0.021588876694700332,1.6228478342261545
0.4363482169717847,-0.1272322041401608,-0.08531725639787835,-0.0022959189001277025,-0.10372902969665532,15.975454190154682
-0.5903424220822469,1.6867224883652154,0.3608360500815935,-0.019530834176891165,0.12326954931987322,804.4070617592611
0.4573111935020715,0.2560643328612353,0.09306639570669484,0.03992739138099166,-0.017142396515624103,3.020942935560172
-0.029678494736413707,0.012629210722349793,0.009906086905898448,0.0062393508990652435,0.006978083611213215,4.034873793533122
0.5896911637737365,0.35581042206736235,0.1343944526937868,0.02385992161687689,0.0066788776332500355,2.3051442768153407
0.3646123373436989,0.24441632071542108,0.24879455352537727,0.22136690391967262,-0.01749797652511287,9.947291598680172
0.7483707345354818,0.5529110957943404,0.2949576468439532,0.08903663053072552,0.01922675177487676,1.6199984739613984
-0.623974391449641,-0.9118745124640075,0.8867880967315709,0.5547346994006692,1.8882642873568694,431.301358321164
0.6250709832745982,0.39645601828648935,0.16269680927528052,0.03552624606650712,0.0015131384593884967,2.15067456412479
0.7480647599545591,0.5532571751256801,0.29575588030916,0.08959646521452092,0.02046428795684907,1.618474634255583
0.7502433058995766,0.5556009913557785,0.2968147980713791,0.09025224887335748,0.021482050887667636,1.6196138622366916
0.3693094804624346,0.15771274246157185,0.04407442830624042,0.024208005908922914,-0.0002895592752745202,3.1051701618521697
0.3834424685966398,-0.06627359442855951,-0.63616009902832,0.07823076566272391,-0.03166457209935958,61.425209235206516
1.3915232778946036,1.388064729707371,-0.278650315579724,-0.735277544300919,-1.653990843328418,1069.0996029633725
-1.0679970513450927,0.6472221164434733,-0.4936353038490142,0.2311872468148488,-0.7623894359248486,181.4130213908284
0.7599012980017292,0.5611614071409043,0.2922968624490361,0.08255539278351831,0.011821775065405493,1.6737436087529254
0.7493274841775639,0.5589564718656566,0.30790702364187483,0.09896052367281616,0.017324557478195945,1.5583090561415278
0.7541398168289324,0.5655450300352021,0.32166249747900855,0.10821675052061375,0.011930468673476025,1.508222669054196
0.7604076459483338,0.5725292581868713,0.3316205620996957,0.11454540348962317,0.012835525160702854,1.477701921847049
0.38858161807842073,-0.2505993220931222,-0.9944543927815559,-0.21992332888807686,1.520002413487362,498.01667294301234
0.7714993306843239,0.5850445025760687,0.34443068012902023,0.12142374285508906,0.018968172329021815,1.4394317084645958
0.723422819076371,0.5860539536311014,0.47865378992477137,0.19961825001591826,-0.1133137847066823,5.814121934891229
-0.8780641411852996,-0.05115513046397613,-0.9776489478781416,-0.2867328634468109,1.784032222532138,617.8903820120202
0.5740119585054675,0.5392494406287747,1.1829896292050974,0.8974897718649983,1.138265015756815,120.71160977330855
0.25285554271454735,0.07153590463120585,0.016322024076279806,0.009211812785069995,-0.0007426811088944163,3.3959548770644252
0.23420395528760318,0.06094731660409902,0.014744344188411862,0.02402078824985221,-0.016020746405013053,3.491617802838459
-0.8037566981602979,0.46983208084729977,0.9128174710303338,1.1697800424285538,2.048,112.08606567461604
0.8474846081284504,0.726120918074888,0.4646778447980786,0.30004420864222814,0.36759363475405626,9.684497996945138
0.708695090274333,0.506628406750588,0.2574579529101828,0.07209838857441309,-7.208737999864212e-06,1.748713667367746
0.28359101131778486,0.03483541380970934,-0.014290907345499093,-0.03818867931409109,-0.06501138756808289,4.372500123102332
0.1714412194263093,0.02393138514641402,-0.007973775914805081,0.019464367171800667,-0.0101471116438141,3.675685691025999
0.7213443504623189,0.51539959399474,0.2633573794584687,0.08327025427520063,0.0037747471650564357,1.7188359193263905
0.7811634107693646,0.6283872054492456,0.4155879088186225,0.19980671621631796,0.06218858607820499,1.3667538935599832
0.5113704427988548,0.2668466256091184,0.07943613120820281,0.019955655168433672,-0.004010605749472873,2.614391960471204
0.03870168254566497,0.03709080521571195,0.07191188322265152,-0.013858847712136857,0.05479184116265712,4.699095118838763
0.580780971971024,0.33412299066807716,-0.1739083165557136,-0.3295922519249799,0.09900335572034047,24.877195793714137
0.5197824819235248,0.267580302522636,0.05772217019637438,0.006010377017787505,0.00307736142709647,2.664522604559966
0.780050338675828,0.6174177870124682,0.39286336856956616,0.1707040372864772,0.04271827739731826,1.3178872845810647
-0.1336724686065991,0.016775446113450165,-0.005967880751382992,-0.01585353126648048,0.16090470546966262,6.906095433980103
-0.6671660603420739,0.03794953030484782,0.39965091605977054,-0.636048324924344,1.4545324520975114,212.7468514503935
0.26662808973281704,0.6091123803415459,0.05555174742916824,0.13981052327958787,-0.04577100726647343,43.517178611918396
0.037667389367228576,0.0026014948857668863,-0.0011877674458937726,-0.020924867623334897,0.031497366252470016,4.106095190328584
0.780450951600939,0.6156314258217273,0.3938164854240931,0.17349764246014576,0.0439692209873459,1.3258239089371973
-1.0321965860847766,1.080146798441774,0.23950660035253124,0.26044111316095186,1.7140180971210897,366.3728561127902
1.543187105569944,-1.4782918453230922,1.6992004627539607,-1.3642832166112542,-1.6894626678263884,4594.2422307474635
0.7323493367555174,0.5390721946037678,0.3004802791601948,0.10117101602889988,0.009507877167787449,1.6037220166706885
0.7752193358138011,0.6171573408891584,0.392467579962696,0.1700791525825811,0.04152712366187217,1.3362295331210956
0.40238128923642336,0.15267174494430202,0.033565323617302134,-0.0036434604324404596,0.01765057798949199,3.0688480421729403
0.28942254237982645,0.09895444699377887,0.015174461525597316,0.006800204773710128,-0.004763494819025826,3.3057281541281567
0.7091715994704963,0.5103215585986045,0.2706341915063244,0.06997031009486365,0.022592717847848665,1.7695730392892939
0.7901865620343704,0.6262168560664141,0.39965465787456145,0.17586565689153533,0.04397054650522714,1.2723798231492132
0.754492911756631,0.5611801558039122,0.31797975492839203,0.1052918832673897,0.005877187558100516,1.5304141986804858
0.06771655631070495,-0.14574726405093674,-0.10224533616300313,0.49913391175734345,0.008415574913494428,37.10797741966629
0.6578856875240509,0.37939278879716776,0.1228399431419942,0.05483862239063475,0.06598160602347392,3.0494046376357393
0.27022171195688216,0.08282237477264998,0.017836056344163076,0.010562293414349,0.0005094157467113725,3.3495917383514073
-0.07631396190595208,-0.018885505116746693,-0.0012633560283519252,0.04203239349007459,-0.02778976052149007,4.442144544653719
-0.07274758780658308,0.016296113086958552,0.012902081871611681,0.0007573001197411777,0.006436961287883403,4.1235633601472115
0.8090066987170172,0.6469714856909952,0.413056509022629,0.1839198626319054,0.047881411981637534,1.2177489129805175
0.744379597281899,0.5567329718046286,0.31650893473957,0.1103993721046641,0.002474217339774487,1.545252995210508
-1.6825490523187094,-0.37555943360325816,1.9989516010340855,-1.9722324821092725,-0.5377214158067356,6914.243001142456
0.8139075694025557,0.651529178539465,0.4199839492694837,0.1843684009822577,0.05279324971775923,1.2134040458757402
-0.0074350173397941255,-0.23363750858110377,0.0518396540793753,-0.14708010582550335,-0.08874026277689473,13.674819075797544
0.6404626116161047,-1.089647629995169,-0.7017686994161334,-0.5450492468522032,-0.8095658838451529,821.7139855766543
-0.03578452745964844,-0.12709145279805534,0.23925470903846247,0.42876707722147334,0.3857406700261299,27.75300014439969
0.7035145140179333,0.5071535754711598,0.8092067814536894,0.27899756364848294,-0.08003233988354408,47.98888423058883
0.9171324902137532,0.541830439346521,0.19563951027837234,0.23077691121330712,-0.03499769985994661,15.857479526084619
0.10732327947238796,-0.07685492935621463,0.2857543402001417,-1.0247251457242725,-0.5557126382711275,395.4375219046766
-0.2743238435058708,0.08683756871112536,0.024399535014280715,0.009693611153653414,0.01388570367608244,4.45940967462157
0.6870715889014867,0.47541549006661477,0.22980515329723206,0.06143346293432961,0.002737023923533588,1.8573174134052435
0.7635570792665032,0.41331715863006746,0.3335667009874781,0.13839807957584682,0.35629647130936215,18.554880803923304
0.49244230442116654,0.24960218756915653,0.07610414984276925,0.020932242924453615,-0.005333459462800505,2.6832201639799687
-0.6398948902304622,0.8252682056399467,0.4849936712223566,0.7708976493022814,0.5230827318111229,53.37332317718128
0.8139785780116138,0.6509786686300485,0.41929579215073565,0.18545407909675538,0.054351791088924184,1.2216796702236385
-0.29056313520599186,0.1082264528429846,0.04961365206377888,0.020778727192649615,0.004365064845728739,4.558308806903055
0.6699939736443645,0.4619575081099896,0.27073236092431596,0.09759733016138306,0.013141802066930719,2.150635498519265
-0.15409893699536958,-0.2790652017280586,0.022269545820858383,0.3648521210147515,0.2063621468262622,27.61806394058809
0.7361188939607954,0.5466366859712148,0.29406583009106013,0.08688504499866179,0.007866120764789652,1.6118438467895717
0.358609582573691,0.14051501565959557,0.03281052012966201,0.005933714783911359,0.00769348900047051,3.1132104678305748
0.8106112652778794,0.6488240097315279,0.4198827468697113,0.18355644828139095,0.04898534105613095,1.1979102956415641
0.28399518247252775,0.1343621966691111,-0.009429283605614458,0.026956581589538953,-0.0203750615351872,3.7084617402765656
0.3432012138279905,-1.2791472434737483,-0.8429147115662174,0.8785660179128203,0.18513169519427564,856.0408581118274
1.7910547046221517,0.6408528160408142,0.13235637822874047,-1.8751781758155044,0.026109733502688748,2252.8506104725557
0.3177041679163648,0.10513521230749534,-0.00515191824617478,-0.018291053537046853,0.04795520195193603,3.6019082654930594
-0.13755685471893764,0.029915131514912652,0.016696036407836345,0.01659373387592966,-0.0005362897988456794,4.232811223237087
0.24572953639473072,0.15314420676858642,0.3192933135251321,0.019180746573912888,-0.37641081600131177,27.205326700066504
0.257018283093323,-0.0031094853578745862,-0.0992357133044024,-0.5102001391078343,0.2947969662068024,33.6746117799989
0.7061749307997762,0.4990820977800836,0.25941757631857687,0.0715662864905986,-0.00823647517312942,1.7780662434420709
0.5924817502378534,0.3523883310193576,0.1281383959756477,0.02867047491758612,0.004074256798203724,2.306914278746648
0.7069111923642821,0.4976233490304689,0.26139421627973114,0.08620351781836932,0.006843919958464895,1.7702267120574322
0.6821994177174209,0.5107727116596155,0.3550533286757691,0.25544215444151464,0.28706389583456904,8.997273531712402
0.4702364193597388,0.23856630358076147,0.056531705580389335,0.012730092961338535,-0.008976772717111281,2.773151011403932
-0.4926817671983048,0.25774215360718156,0.07098591079286765,0.038298217251988564,-0.008573676644582306,4.712276844886463
0.6370613643762635,0.4134060552526764,0.17667613900559154,0.05024596482246535,0.004240169850367348,2.1012707013477043
0.8533938666978762,0.6358041359195581,0.9787894112884152,0.43895607791665014,0.16655235255068623,61.34637875380195
0.19422037953936666,0.031860570330897175,0.023349760341885517,-0.014231346168931847,-0.0035139319311232597,3.645620379609925
0.6887962167784201,0.4706931830021621,0.22197443314083065,0.05292586270670796,0.0006622190804188577,1.8825006773869775
0.8339333071914914,0.6813219193427433,0.47745552986266615,0.2404267454253879,0.07099757017158437,1.0495925441624934
0.3460420823543098,0.15682728576452165,0.044327596015805604,-0.011826623258844648,0.018859551036289446,3.3062144176805957
0.8651204411089961,0.6999474179330774,0.5026422372989403,0.24973841984760448,0.14955151030886826,1.9306607735453842
0.5024993606546322,0.05344866929784686,0.2117149370210334,-0.5700724610727663,1.6300490770845077,220.68404475849644
0.24157786587848706,0.06771396160630205,0.01756865025059673,0.014958552681026305,0.0024303983553704,3.4273952300444854
-1.2309208677467738,1.2090265989305835,1.399233546772439,1.686009601310336,1.2436084440774233,278.4900533196546
0.1810777190420665,0.09527575975861868,0.025137504789317866,0.10812155364280107,-0.08450177756980493,5.731907630344876
-0.05825349705958227,0.010569260751648102,-0.06928518826773611,0.08178734253408182,-0.2258812017048044,10.573697195293532
0.41556824081725674,0.18747036788501603,0.041623700571065125,0.013453946304985642,0.008160412001446016,2.939651899671687
0.8117788591021649,0.6494636839871353,0.4243180908281037,0.19068631369399824,0.028911031260013154,1.1712716951525683
1.7937121728583776,-0.5745549412678759,-0.17360729599450364,0.6286314411978227,1.6775850072868734,1668.1688636175272
-0.9060005477605308,0.7932471503680945,1.2206832858456216,1.3002320662431472,1.2766235447981749,59.61262840710281
0.829440396309499,0.6844697142304499,0.4827450551433161,0.25100330272293236,0.06691485784043305,1.0125089768402542
-1.1543842563863207,1.924518440993845,0.07484945379845165,0.5820067946393714,1.017415986956809,1437.7558465708908
-0.6972793299947899,0.5080428123444936,0.1832350500315556,0.2135185309343357,0.11804943076990959,8.779741975670067
1.4427002415610186,0.7905316273698291,-0.1505737379315002,-0.47346692328831486,-0.5831534796971571,320.2996594530614
0.8314323695941281,0.6915436153642851,0.4899732976868294,0.2576394403908915,0.0695975859788538,0.9804698288141833
-0.8774954869080596,0.21880484052937588,0.7206894188035498,0.6023222339485752,0.5488118247570002,84.16874913302081
-0.3093852718788448,0.08025183120947421,0.008910858247981768,-0.24591238607389232,0.1636353728209481,12.234961871180676
0.3321184748807098,0.15757316490459106,0.0215236034966928,0.08260402735470551,0.04292503447755358,3.9843658531132577
0.14358534629781738,0.07517853548531672,0.022067371837672933,0.032997998144734364,0.019290599602538983,3.9436587882643375
-0.38437157677840394,0.2083803845532879,0.216315063650931,0.24494618526338874,0.1869237262594785,12.62180762014662
-0.4235691782971802,0.2881947252184389,0.33733404652480736,0.06913445376250493,0.17563326355881426,14.606516491909868
-0.47003096561259805,0.7143758428526166,1.2512382403422864,1.6187511786355486,-0.2003206918349647,877.8354788587377
0.251498677724737,-0.9654242446130705,0.05114725884602089,-0.05843004889234549,-1.087695234387192,309.283654613578
0.212415576553723,0.05835000834417858,0.006904167680634732,0.009592219120837076,-0.01025565084551383,3.5126850169158597
0.6521647231384433,0.4384672105381324,0.16729696133351935,-0.0039060978583420614,0.03697951401606092,2.4554618307731912
0.6322664560268749,0.3804335905731633,-0.030700221535508998,-0.5829523004675654,0.4135955973157719,41.83949275763303
0.7986381112001144,0.6563648415155288,0.4025489023883888,0.18296874693060117,0.028288380645665523,1.343866839919273
-1.1696762057443635,0.8255927540437984,1.4353751885353039,1.4948023306807707,2.048,126.88024372486585
-0.8750144730728568,0.3660873108824605,0.7010038451820844,0.42217054256698106,0.4898523187316379,62.643281788106385
-0.42952121335534876,0.1820935807742874,0.03041483245733545,-0.02867951362248311,0.014177177503225113,4.817582628424508
0.44295099494808055,-0.40127886226658793,-0.3155941157811313,0.1968879639215544,-0.18922800255144656,69.20955786636407
-0.4897072816601915,0.21755481856924952,0.13266835442382385,0.09024035365270322,0.03150156421599881,5.771390363703473
0.42121012932452473,0.30636308832957093,0.18689187768526105,-0.08744502611739868,0.17933541298684563,9.633253067371573
-0.23470121965005952,0.06742428854925553,-0.11971216330483547,0.00335260547969618,-0.12756798172699613,7.840180830768732
0.3680363539743241,0.1390840340356494,0.028165110996841936,0.008526428456336,0.00026071706075914136,3.0831215679030146
0.04975866409688523,-0.16097933498715644,0.30256486153366424,0.14475759997096382,0.06579986292247364,14.278261004461855
-0.46194081368180817,0.2275389578900553,0.06480084045216117,0.012441062869460229,-0.0029937886175037676,4.628612544247084
-0.9948455140239669,0.9140085451420714,-0.3129174087911588,0.11550464363013857,1.2571944989521073,293.6800331915374
-0.03923045193237451,-0.07997454940057325,0.34008104170411757,1.3548558945742362,0.23441476225385216,424.55910300840685
-0.12174133067737714,-0.1794045117674019,0.20446840120215493,0.03277548325594948,-0.06344365211274727,11.382581934301196
0.5472796497071055,0.30386384737334193,0.10272853092720258,0.020226111415317494,0.0023529659840235695,2.4770461462913858
-0.2693160255827338,-0.017817970420826335,0.4164028995187836,0.7580274827988132,0.3895822144291854,58.778561940089375
0.09666409615353055,-0.19822676754658541,0.2511010624952492,0.06541791425488697,0.06712283016772069,12.876334324457982
0.3763740392462571,0.15582093846008327,-0.032423470415050115,0.035683219743457784,0.008236572532890118,3.5637293024640884
0.5538130139502413,0.3104318585291539,0.10333107686074872,0.01954472808876595,-0.0025920232328418003,2.454876938400941
0.40013942674262193,0.16271940450604383,0.03033851657703579,0.00848209127488353,0.07379194037339953,3.5355750454038244
-0.4390224120380444,0.13730212390546015,-0.009945745859666122,-0.12449337639061953,0.2239180335387636,11.385972482880334
1.2371190230450844,-0.5942494740276267,0.8403517897816042,-0.2889047447861839,0.7316867401826856,620.5040012460611
0.45584762878163776,0.20790436170146087,0.05106396982244954,0.012523978716877604,0.0006165147378651703,2.815107825338248
-1.6206740026705289,0.481382686586159,-1.875538499598113,1.902771540079078,0.9344229129204802,1902.7711020505217
0.7346433224130635,0.5546545354305894,0.29126907237371746,0.09866458645899367,0.016779930402373022,1.656701214580718
0.27896229354655766,0.33460741262518745,-0.6690755352742879,0.5545713866188882,-1.1295991784630521,279.22539435298256
0.10164139758164081,-0.11190344000189056,0.04096899681316257,0.030779549144944962,0.060255262157181466,5.913982204137032
-0.6965649313531341,1.1164286213355932,-0.5501438502734193,-1.759758831486523,-1.6131314573993594,3019.1731596562463
0.21217382006936925,0.07513919523074586,0.0007286663645333924,0.02262083061612996,-0.036577332887157255,3.71172646792647
-0.08429385404680434,-0.18455199662098098,0.2481690130380203,0.2680100154868419,-0.3990716131173384,38.37324865331274
-0.5165733012212073,0.5550967748805906,0.0778579780714046,-0.0696420660034267,-0.029286615686729522,18.793422330094756
1.8557447213058538,0.8190118792558128,0.7153904288800428,0.81243114392527,-0.847124238972838,926.2200831383802
0.49043123965345714,0.20464898701754386,-0.010972273991511905,-0.022599581932441826,0.00830300759162439,3.4257521633064374
1.6111641205165226,-1.1812197035537404,-1.6649103928587883,-1.1051902520564625,-0.6447704958662481,4231.246484998754
-0.24454105894071954,0.11690360302224478,0.4898533108984511,-0.09568172750358528,-0.11252025511869301,39.53675347299418
-0.45199665993378635,0.21483956519550995,0.1062652310007981,0.08865243958912661,0.10102832677777762,6.193011820599323
0.27150654391982965,0.08772485846066536,0.01222598673759867,0.002320262682302232,-0.003751123586318794,3.357571132387051
-1.2786084142063785,-0.2447069903387491,0.27350418375267926,1.2951087514232609,1.427849169984674,520.3263360443572
0.8353422260051966,0.7017485416602178,0.5124305577996338,0.2848107370210933,0.08811604664901829,0.9610621703346789
0.5955274588446984,0.35169573707729596,0.13109996885260378,0.03010984822128604,0.0003334598025319657,2.302668390795641
0.4526675599652825,0.2243444978801894,0.07317934925519198,0.03720519583696724,0.010226357390077379,2.886430312586238
0.5128769539969751,0.22604813307101468,0.08043694503968135,0.003507505995405946,0.017156432282666945,2.928092775375906
-0.6093575157470106,0.38338770603187866,0.12018785739706761,0.05041519675411754,0.11688639285708202,6.169264695651392
2.044944317842541,1.3851838668727492,1.9731822100833893,-0.4374277869293095,-0.8286841319225648,2766.3487500907927
0.3072697952222465,0.08161670561814827,-0.011282234970411142,0.03185419986326821,0.007913583491320875,3.4372961546063125
-0.041979687714410296,-0.28874989987903166,-0.06926147312737019,-0.3975341742007219,-0.18304397495152025,44.43301704486276
-0.19703068719339356,0.05386937164349925,0.016930911137125637,0.008715894120337797,-0.0005046524753322679,4.326579924336669
0.37627461328302214,0.06253730219858555,0.017310287541841607,0.02080434481112592,-0.014682481635539535,3.900034361383126
0.3629444022737993,0.029858398769507133,0.5063630873825482,0.9799646167113991,0.7912286708451526,83.39260396863844
-0.1528990932565908,-0.5157504228986647,-0.34329488537272845,0.25833164006248044,0.23892483264977527,77.10938761150601
-0.15125248605536612,0.02610143098025297,0.01213832032086648,0.03772527547647142,-0.012212610121991041,4.349673566540987
0.11010107789384005,0.04855584521624268,0.026956771536919,-0.023061335858573617,-0.021002933302704196,3.9868474700315453
0.9907585603564839,0.3328071183319046,0.6739433454293251,1.0806628154782199,1.5912709528094964,131.54473845785344
0.6285898738974751,0.3969139626383065,0.16491287820378675,0.03844249867673799,0.0045334170495086035,2.1429579046920972
0.15342708503947478,0.041201217703265236,0.00907974520057886,0.0210425832279566,0.015232277600690569,3.6787090405530756
0.8139083022142488,0.6671855501096831,0.4514196029052582,0.21010486396406147,0.05047672908701761,1.0844747686738252
-0.48710424096019755,0.2435367909018904,-0.1463945542941918,-0.305000047294242,0.15272755196047472,21.04851694898371
0.010762954538523939,0.007341760526899055,0.016651983533419124,0.0878431671149551,-0.022448473634177013,4.653505147395533
-0.3389172552514452,0.051836128157236594,0.011093117670733843,0.007093329249702851,0.0036892703529374238,5.0660262820389335
0.765521787728948,1.0969448920079903,0.771589855638545,0.387315591685776,0.29788747459900566,51.7468690271402
0.7052768443558044,0.515153991849592,0.26515189541335094,0.08413333501573028,-0.007958393068239644,1.7739533074841591
0.5473403129129659,0.2967186084101727,0.10825913735349069,0.04376265160616777,-0.00011604040680390781,2.5538757175356994
0.584978421618116,0.3495046245151405,-0.16449494342403614,0.06211946780031852,0.02519662231388642,11.221580321229368
0.404763681176167,0.16525246045825437,0.004193523962984447,0.04596150449096381,0.01897583936764269,3.246082386135852
0.8454075956996308,0.7354448265718894,0.5478509340751447,0.3058717306950425,0.10887341345997692,0.8547206511873846
-0.7961356904789716,0.7529186843527267,0.06756573028225166,-0.44045120077356303,-0.011878901827635069,56.62422918332754
-0.557608674446378,0.4119254815414948,0.7283157330381704,0.7986520454843662,0.4771740827819433,44.88857096487181
0.5735016385625062,0.3511196138009418,0.1433440353108142,0.04674952086119433,0.0016194071385813302,2.403768430007285
0.21880882251877498,0.07280450737371202,0.04793644342458858,0.04522537372141189,0.02376130578329949,3.7633248203419956
0.8407873331481652,0.7207391573202151,0.5169977196199693,0.2681399367531885,0.07840508641147359,0.8962477364783472
-0.1288222193650359,0.3854758828784086,-0.5835942349176795,0.08264826807167536,0.7016830966395307,127.15307398594402
0.8483368839488072,0.7403173506518361,0.5537953441672401,0.31185478274709855,0.11342381187412665,0.8377825948090536
0.5695366352613869,-0.0938101916879086,-0.0782800903460863,-0.3712181732858342,-0.7914268844720564,123.25638129957395
-0.6152053036368905,-0.5041955459431797,0.1524160353578763,-0.4791465070071177,-0.18151781392962452,128.86374769229968
0.8591429226745371,0.7548363312770161,0.5717081102410089,0.3322951107830905,0.12733343184574375,0.7690749445742151
-1.4837881721624422,0.22106237016805208,-0.17047978129067776,1.0047608970223596,-1.164836254853014,973.2128415821662
0.8409225392671211,0.727583852236426,0.5420429221259462,0.29720829997054743,0.07766753475928967,0.8734769341259312
-0.8110835756626955,0.6968316398764163,0.10482217254639359,0.03491269910671946,0.05071559427339878,20.05603104185823
-0.38511543750715105,0.18463139647854243,0.22454585818749973,0.18704963061120639,-0.0125934878756353,9.69801335444313
-0.6451917240436349,0.6892187835364729,0.5483906428778988,0.3085922755858186,0.3290050079575644,16.94479048451714
-0.061301616496992395,-0.36636089741297617,0.32481605651974066,0.030998234948659054,-0.02541916644949893,22.344330071158467
0.8719825681236282,0.7700211591382367,0.5939066169421721,0.3566271489504804,0.13739512931417108,0.6695117740635051
1.4747945590438136,1.2210190723169885,0.01113227788035731,1.4204656224560908,0.6633280536179464,696.5835960589088
0.7933391140925226,0.6122155005195355,0.41116392818007386,0.1885153263730439,0.05941753463580879,1.4548738623763482
0.18473142107073004,0.019980110622710434,0.19373570094918913,-0.03168266426662214,0.03458517584437093,7.689301897629364
0.5705927151775763,0.33505382120741345,0.1034568439564274,0.010718876427536106,-0.01760138406563483,2.457131733822147
-0.11916643192554921,0.13243887775632412,-0.41178829273852857,-0.65271495815613,-1.0443387993484177,310.3757543073491
0.8138325526326056,-0.3340740813152623,-0.5765598818213968,0.18500378645322613,-0.8740646961055263,236.27459277264325
0.08892154962738985,-0.36434527724683496,0.6791243894797914,0.5477814189413173,0.31756990143917196,47.489022431514904
-0.35133920583035616,-0.13666385090823807,0.6287582140584238,1.1618568263484539,1.5897890307774243,111.77682420811209
-0.19841266827724535,0.13954553186448182,0.0132525561034873,0.025756194135102106,-0.025010716434462843,5.2381801839791144
-1.203323170692839,0.30566300383970235,0.49175747306073125,-0.32626239794188683,1.2824917786694203,324.291311362919
0.87499866947568,0.7681774169792983,0.576553952692874,0.347362684668977,0.17486634508493104,1.0097705897780132
0.015851019402801647,0.011519334598085518,0.007945241306295703,0.005180145443225648,0.00887456227419925,3.948729596863492
-0.2377978376242913,-0.08212279913102472,0.5460729547372312,0.20905099814181405,0.24414915475157217,39.35786331743608
0.738979175419852,0.5442593496064001,0.30001933183939,0.09655231938136488,0.009436082200409146,1.5880814933377176
1.0297837246199708,0.4256039983048674,-1.507595721444254,0.9222727792065517,0.46875785532706127,529.0946800891089
0.12741189866926383,-0.7550175007105986,0.19804273058320643,-0.2454843868188925,0.20891345217527535,89.67318526329453
-0.4729613601528768,0.7739012047165716,0.7732647320507517,0.9985883834491345,1.1987499521850302,55.699755467033015
0.6196142805840434,0.3830185891212299,0.15982239678425358,0.03270276323810073,0.007925658306559669,2.194041191342191
-0.4598280380172517,0.22143414476234646,0.08013199187256115,0.05186098734853761,0.025335072344924825,4.846846228396033
0.06335116463364088,1.1981970487938627,0.21628798571323138,0.2752617031718714,0.6416092966091229,330.5921528181477
0.8763017835934153,0.7892714896574313,0.6196161235332833,0.3884018176260313,0.15221696273648222,0.6274067768541922
0.3565599841726077,0.2697330124881234,0.12236245346057695,0.12664540215606657,0.12123375690569382,7.113475172047364
0.8785859444133872,0.7894579276020681,0.6171739912830341,0.383201553073067,0.14950370731062312,0.6217669296577975
-0.17698391179078032,0.0017815012333208813,0.007463990213693261,0.01644104967284532,-0.038234867717830134,4.602198223231293
0.4121085035974219,0.17461609110083964,0.049819116216129444,0.00905865972626696,0.004649540653434148,2.9577408238859664
-0.3408716148041304,-0.20517544606377358,0.22119187461515155,-0.23474146974049748,0.22234117122621644,29.7603655931705
0.5401568559298138,0.30146177130710106,0.09348160529415495,0.01992857498578715,-0.006439428620959475,2.5089933346369833
0.8777798565203674,0.787226775403985,0.6139114224208919,0.3788815616304779,0.14500834524335104,0.6270406336904385
-0.7849225671688957,0.7098212412612179,0.21013330060838342,-0.05611772751762478,-0.321091305595645,26.033128068284498
0.48786425946943135,0.23934743910571,0.06493082349393609,-0.006870183112186012,-0.006177383134509107,2.7512031472587095
-0.364960648773065,-0.09095484923636321,-0.06284432681358454,-0.49710075035073165,0.48614298245614984,42.7732290645362
-0.4551220040728521,0.10854081519016745,0.2553669456965162,0.26177034323326565,0.1821248228362804,16.071077316308884
0.9069568244844817,0.8693422664505119,0.46940300494242937,1.0870237142515107,1.0925264445136973,84.64137937460154
1.2215120754311046,1.0727191533366591,0.6488818328383092,0.4873956639540422,0.31579005460085385,44.26482131363849
0.8784568414700646,0.7870225587020836,0.6157385905985788,0.38318751202840584,0.14845898241105004,0.6150177845224656
0.704443356264691,0.7299258987427857,0.6062967139064361,0.6307065195755022,0.37419788109840546,13.431252174772913
0.8816320664259125,0.7883350877513138,0.6193717931559273,0.39194814877263706,0.1548780793479061,0.5931822739411106
0.24539580519837179,0.06232151497285976,-0.616344984580605,0.3346050648640433,0.7202415522628036,80.17839787628361
-0.06302728554598258,-0.005043649090374913,-0.01668868014488112,-0.0063255062428146935,0.0157930836776905,4.251729035439198
0.6959571896701364,0.49385103649742224,0.2280322985223413,0.04315577983363372,0.009023231430072443,1.90721909707178
0.4146460202399105,0.19445875627906606,0.07480100660762323,0.0061070149680615415,0.015213793166521938,3.0459620811647232
0.16089658576335708,0.009552022348882083,-0.6035066267230416,0.9625429237133751,0.7278433242805109,80.46245039985303
-0.5627229847879129,-0.1217211856414595,0.23531306512829797,-0.5843182066705102,0.7998317874232841,92.80843372179604
-0.2352277349156493,-0.3426871908352209,1.2407196802251392,-1.116341561062602,1.8743866871254227,894.6323945907869
0.2639271751195631,0.09539249490994228,0.05074049377896017,0.03486110791837671,0.013262489918354436,3.5510840495185896
0.8480564549007585,0.7215844918524414,0.5180831375198127,0.27847392862788567,0.07918089790508409,0.8650857242554633
1.378680527468608,0.7585732079671459,0.11397001506438764,-1.2746207394338096,-1.949766317582063,1601.359405625262
0.8078635558893352,0.5601118836815102,-0.31094771114132014,0.2074285799453235,-0.17780354666465858,48.557954710867904
-0.1597348745830507,0.06862619627483912,0.07162188708136785,0.067277657641311,0.028918566166884485,5.023615867363394
-0.03953861036334905,0.016702635366438567,-0.19659704975672998,0.24571889764775934,-0.2440963763551387,21.505422943007652
1.1939173757478123,0.9990497042502033,0.25077819020865144,0.16245478839881722,0.15567222027652639,77.99288266508914
0.5441823838759907,0.31830966882314504,0.031235276180168192,-0.008364826637599077,-0.08569555250082672,3.912448508169566
0.5193897197832098,0.2978840750743874,0.12208009503184636,0.039313272407584865,0.032304534922324546,2.7620648995500847
0.5775497855135048,0.2955570077136769,0.11505970737255478,0.031126433953559296,-0.003195499539101032,2.651482789184888
0.7936172295547412,0.6294845375546294,0.39649526290240367,0.16396610242667187,0.011632899161742039,1.2708928243837514
-0.6764166375441574,0.3241684015686279,0.14014111544573016,-0.14461116098828808,-0.0746015731730072,10.828409978755978
0.8889365658134953,0.792646203255571,0.6251841510908243,0.40293285950111013,0.16226441073010722,0.5684522910104204
-0.4620210470458028,0.18205151028817257,-0.43194546975546855,0.4494394032369775,0.21981790110179622,33.83093945152284
0.6499972140023185,0.3754358205368171,0.16936303165124,0.01656278183163762,-0.030748371072756964,2.582809634452341
0.7654771364557811,0.5962893935921674,0.35046148293317403,0.12134080397335323,0.0017180890003256621,1.442339576460262
-0.5171318878613158,0.8412239217012636,0.5145127353677124,-0.10443746780810148,-0.45141008301557783,75.43904868748577
-0.26735853636002593,0.08971210236645799,-0.002402899778126688,0.0188316458387483,-0.008853099864219338,4.490405697027301
0.012992126201575083,0.23762578762422404,0.19519179044159696,0.6280491491012934,0.42955547015255746,44.831817743090184
-0.5033773256851675,0.6124714235526505,0.20669286019804067,0.39927286025190867,0.4585833273498565,40.794177513784845
0.890825723578498,0.7925803413486281,0.6325603758630542,0.40649587448907853,0.15775492327814122,0.5538646900432
0.7821468051653313,0.3248126785829122,0.027135671543463413,0.49255047188909185,-0.7660036850476475,136.47242343329808
-0.7122995906241285,0.5665728094969849,0.3704321659928693,0.14691070129678296,-0.02037897285897916,5.0242115261352485
0.6870020369575096,-0.2065098637025793,0.7891497699180152,-0.20990667420595432,1.085480000767189,282.61077387330477
0.40567291269767525,0.14926689472617927,0.07924778552376921,-0.00037705886309247205,-0.1510055068926046,5.558158959672141
0.509749669202975,0.25046499194739047,-0.06785507038801986,-0.02626966083843163,-0.10146825421131345,5.848759862939854
0.7728091565219608,0.5922654625886761,0.35570043134925955,0.12015439858061727,0.011537383017202973,1.4169011120915915
-0.6866779898167701,0.47125986843666823,0.21046047637456544,0.008942806041142504,-0.02649700407975919,4.939139394026476
0.799796326748802,0.9290078811611271,0.9473787332911785,0.8780472277567464,0.6289181484345505,11.200931010241645
-0.2555768191199477,0.06081105149773558,0.04597245955633733,-0.014082507745826423,-0.03184838034895998,4.706756700035177
0.2742627739729868,0.06963908286962539,0.010268836064603715,0.014549369653986677,-0.0040915110576600355,3.3717126631491414
0.9356358870526362,0.9004366942888526,0.8435962143048554,0.7707921650652154,0.5872627887714659,0.6157427472226209
0.8636571914609306,0.5749177963324246,0.11280578480412728,1.2435975373248267,1.0012444334636834,189.94860776540997
-1.0826510151269653,-1.465221737016793,-0.35613913394760854,-1.0634072900151175,-1.1701725523992486,2009.7147741822437
0.16301528225378448,0.2168268915897138,-0.23019655861211352,-0.02528968363118045,-0.3563085310020204,28.536659447031184
0.31250332185699525,0.3536028313772759,0.03945976167858989,-0.164458814547088,0.1808547291437672,15.573971749949939
-0.6860037664734033,0.4974249274809921,0.2754703172250541,0.12440650019000454,0.040956064411849624,4.83772895372095
-0.45275812344561106,-1.3299079066822945,0.6968979848634782,0.8922004395115306,-0.44312907948815616,528.1763270620046
-0.19212104560689025,0.0501695853671551,-0.1538601523435883,0.24009513931394943,0.3602868665242722,20.53816595727654
0.22857273777924458,0.017630101347405613,0.00746636507571985,0.01474584876020879,-0.10108298952066375,4.688699750735103
0.5257261117870478,0.32342166072820877,0.11561516379042525,0.006594814760967349,0.028848278805352567,2.772588983999651
0.9161597268720456,1.0941635444006539,-0.4052209640579514,0.28938556605390797,0.16223852176733233,267.9450861351226
1.0399268557278045,0.8121318159280344,0.6784806602705391,0.4141878184081955,-0.25316042389220494,26.023350539278194
0.38712342591969406,0.19564175482168755,0.06531260850297738,0.04521991197193165,0.04558444154653429,3.4478042896598686
0.780586527571586,0.46585885620765355,0.2515411763797841,-0.03206412319861496,-0.020164179484944977,5.089739488613233
0.3004937833839869,0.09526527063690793,0.019107650571863477,0.009591636389461922,0.0009063659532255741,3.272024933372049
-0.28090456225507676,0.1977950537177109,0.18944405340225456,-0.12112275393846961,0.0563968960800576,10.510617926743118
0.08014609376598614,0.3098203172257632,-0.5274333280747394,0.4579724179162228,0.346199598691987,57.1142638459005
0.5252215966785574,0.2860067026001172,0.09847371347621392,0.03142461823567899,0.009214123668355167,2.578167223991516
-0.1727026826800815,0.06044629556096126,0.0015188579808396163,0.015696025150656823,0.015326772443547743,4.365397500674127
0.812276183978768,0.6632808868867284,0.43461414595001413,0.1910256301780957,0.032255605743658045,1.1290256135484655
-0.5995449625019167,0.3806600746527744,0.168058095822063,0.015804728966490877,0.009448776293467631,4.725417312819868
