2.036468985605606,1.7717549438511475,-1.5232022612813547,2.044069950767698,-1.080979550404706,5520.6658170252795
-0.42360534099547653,-0.45911760420041725,0.6952797667470545,1.7839680340215072,1.4184895147459269,549.444230116846
-0.7648316746454009,0.10054926161048172,-0.23161694707893554,-1.1076517325626343,0.14095937104698208,291.97840321583374
1.6955884526765388,-0.17528910648529572,-0.28385866881143373,1.798667425479172,1.1402823120344419,1678.5401691273953
0.8846152334064206,1.2400947361274475,-1.6678878878075374,0.0743528404659779,1.4951229521059166,2011.5898589100852
-2.048,-2.048,2.048,-2.048,2.048,8743.5652337664
-0.7995931675153944,-0.07640175731898258,-0.2240047991701326,-1.1124181525739512,0.141483865138325,322.15284427264777
0.7374331914835253,-0.21329729474136316,-0.31647530888233355,-1.0467337200140066,0.13814171207034986,301.1046017987063
1.402000591797143,1.350482774738924,0.8276931122195541,-1.0223898495931327,0.1306576637185919,516.6629546749842
0.23465242980787027,1.8397072199894042,-0.8382099929991429,-1.7084299839809296,0.13196847003972012,3471.5588028124616
-0.9760236792971404,0.2248309352226845,-1.060363456421663,-1.0767280338405651,0.14025154586885824,777.7824445235296
-0.5484834257437772,0.1285766450931849,-0.19459640678036005,-1.099058989252782,0.140339232205962,259.6504589741009
-0.8177334353584365,1.479612147398301,-0.23209203580945714,-1.0674652251155479,0.13655830241489442,887.701320744721
-0.2175730451548099,0.12194961027966,0.0782181009751981,-1.0218391970776626,0.12977953327533776,197.42686457837186
0.2772802932563021,0.1529273221943237,0.061531418400271765,-1.0552174764186246,0.13491045238475108,214.97771710412383
-0.1562929043668113,0.09780161735405768,-0.03409268469189142,-1.0049544478810943,0.12892629920288678,186.81359435260816
-2.048,-0.746501329545304,1.5670949193416233,1.779900175703022,1.749910396295911,2803.1946458796183
-0.4267274993136103,0.08817915221508565,-0.006103294191956099,-0.9815499003578818,0.12566929283371175,175.2444027544943
-0.9010771349275606,0.08454581771426195,-0.012297069315974962,-0.9273347561561918,0.12026820159319795,202.87545890848077
-0.5783110090529964,0.10705906096721751,-0.0017837480165714403,-0.9772453929997298,0.12583384059549285,177.64394604249645
-0.3731933567506702,-0.020696733235488818,0.03468304445178472,-0.9690000751286632,0.12085413046474525,171.47195162520998
-0.4811603286184769,0.023761012843226403,0.009458049804423663,-0.9628127321843554,0.12141668482903611,169.92063424388627
-0.4463704173061258,0.015073514515806075,-0.0007840103599514592,-0.9605714567314254,0.1207323868710648,167.88422804541824
-0.4155070499375435,-0.06715413714253393,-0.06327703120302286,-0.9426751749765967,0.11426409778429347,163.84234486305107
-0.15002965000620172,-0.08641038465939466,-0.03450429164706037,-0.9467504278214989,0.11392343277784311,159.80159976582036
-0.1694069439998045,-0.0006841998405286986,-0.06935124045215257,-0.9437555614217972,0.1148674480465397,158.02313369388682
2.048,-2.048,2.048,-2.048,-2.048,12171.347070566397
-0.16210583359081943,-0.02684269029282005,-0.079370914918657,-0.9304938761802835,0.11052633812807278,153.02529871267927
-0.12456137972363113,-0.06636922410982837,-0.09359780075182123,-0.8723048696758644,0.09024643014233158,131.34159265256216
-0.0782418324514551,-0.06949928349123735,-0.07220635479832249,-0.830462925588882,0.07581822453974008,115.4887609887922
0.02601397644153991,-0.07054166862906452,-0.00893360918058006,-0.7685687099607079,0.055472478134377834,94.49572038459405
0.07967928277637837,-0.06447803213040859,0.04671082914015123,-0.7335879334722886,0.046051546760923934,84.92885161880346
0.17270686161262372,-0.05163366561355143,0.1465795528006475,-0.6729336003959112,0.032043148903885044,73.98085106507303
0.16224971235218177,-0.04256917396005022,0.08421726677620356,-0.6114486702097603,0.030084865022494967,56.45601149563361
0.11373116276814255,0.0019298114186114823,0.06528886266320866,-0.4747660962196827,0.043183421568609326,31.53580681846114
0.1359286446341894,0.0874213506704562,0.09340532322276207,-0.3472660098115514,0.11253337248832951,18.10674797314513
0.007874521429879433,0.3154720471432291,0.2008882825544287,-0.21676537269676888,0.6997625362660065,63.770543915596335
0.13614862671388916,0.02985030964163471,0.020151565912220448,-0.24539674731823502,-0.3694179020358146,28.74918121096085
0.25983323518231405,0.099180593796107,0.14170874293681246,-0.30354319282732645,0.5044884516405976,33.111050426622135
-0.012986903639256031,0.13095771977463988,0.04278162384446027,-0.3336761881743806,-0.8309191801963132,106.29426884529414
0.027277990852227596,-0.08601887515561413,0.07262995400843053,-0.07035265283319925,0.0774697674082363,6.407455648702685
0.1414888590047485,1.3579123874169396,1.1608035875541813,-0.002580902274754937,0.4402087598552007,429.19781884034796
0.07603389967304386,-0.06529450915247437,0.0472793401022602,-0.09252764377850053,0.04788072204357485,5.832674803610583
0.06416604859382602,-0.06856555465011138,0.0485667369442071,-0.09544018913189523,0.04578912708062077,5.934536925693347
0.18182308253479817,-0.02562742024401521,0.08199110972690171,-0.10135436179798929,0.04757548337997708,6.090202850974114
0.5197744533513906,0.10273793380148799,0.061707135949861325,-0.1974898864794119,-0.006904088720385282,10.677736888671795
1.2936638812325532,0.48530169905216747,0.507966669026378,-0.29398075337423024,-0.11996099294068885,185.6188461347382
-0.9937492493050315,0.7484195327709484,-0.11576244701917626,-0.04472698754182414,0.7384879753533706,112.35502090447721
-0.2117482890297191,-0.3768632840435455,-0.1035998942773586,0.13225567369559021,0.4429187547101865,48.72695266301831
0.08918090981962035,-0.03037987000216269,0.02914167303334514,-0.093988310760863,0.1118565033236254,6.21800654307158
2.048,2.048,2.048,-0.6940641427864327,2.048,3562.424974161271
-1.5241692110942833,-0.25235652139470566,-2.048,0.7958053345268641,2.048,2481.6012692829363
0.11967094880117823,-0.1266500919386757,0.0580333764153651,-0.08688711835550866,0.09805921190625,7.910374874776197
0.05164358557684334,-0.049504060572477915,0.05640309782882147,-0.023964168621616988,0.010259682791898594,4.5860540147542785
-0.3775075080083996,-0.22004079999223336,0.3586075984105084,0.8096358229136107,-0.47008883244231825,199.67822826082102
-0.002320809848444405,-0.016604457320666288,0.028886175273639125,-0.003902708397328425,0.00844435741965377,4.107807957916213
-0.0037482959922234826,-0.013566324135427354,0.026678246854389354,-0.002386282582337973,0.0066348826396605,4.080952138821722
0.1234832715041807,0.4076580008739965,-0.10417332489005537,-0.13607070973112534,0.013886253747286137,28.49769586400609
-0.00021161327194896273,0.003999700626026392,0.02833362141741036,-0.0032049018135817953,0.003130006870121882,4.027363438092567
-2.048,2.048,0.565797725364503,0.9380581951496634,-0.05876707048320795,1914.1522993798133
0.6112826510404807,0.4147388413956996,0.26062553722656423,-0.5397628398781504,-0.036847104436547706,52.06463890186517
-0.4232035340378737,-2.048,0.10866673107744029,2.048,0.8612347689248874,3703.9924193323727
0.038170549020203115,0.00666741594055642,0.03677368842722295,0.006144367939489914,-0.009164946854023803,3.975763332435655
0.033904794546610884,0.009061118573131743,0.03565869909475472,0.001644307507091991,-0.003052975223303278,3.9757443869323175
0.01855293597785934,0.0010897757101075989,0.038203778457687854,0.005869901566893709,0.020605305299297605,4.064667105434211
0.5788780238522762,0.02436018492746994,-0.1393861227035753,0.2065373435430149,1.2140542805115686,155.39030961753272
-0.4138354709061669,0.3249850027200458,0.07214286487791455,-0.2193915328324949,0.29528748158177454,18.43048782902169
-0.20737246958621602,0.45718214356277187,0.0736344647653433,-0.19000205344152588,-0.012169479073774525,27.065927545797155
0.045366369531287365,0.008351760057755175,0.029066431347974486,0.006508330909131832,-0.003560556411290161,3.9169766323621937
-0.3952984303181284,0.3951485182231078,-0.0755884429571807,-0.48166151126517565,0.1455227911013579,41.242806376207824
0.024244777980815257,0.0360180920154356,0.022222854477217613,-0.004361447176848721,-0.01746804001236013,4.048404930113881
0.057451727867089186,0.01039960548496488,0.023372230887408918,0.007612098205512563,0.001990715318848313,3.870869080973178
-0.23042527935898494,0.15535188498204278,-0.12415412040503027,-0.05118397790002982,0.18680868827770558,11.676747396176772
0.32206095723948724,0.1406959923992992,-0.03435547880608292,0.3264913517935537,0.02599496951869762,14.383829971322985
0.2983734277936727,0.1039663251668328,0.04418517412455536,0.009216439936851728,0.034159028550100334,3.44548745389522
0.2839954183362865,0.0972216189302273,0.041586993133443606,0.011263763655169345,0.031654493025328634,3.4630316462790622
0.32127291551970183,0.12249482518499333,0.05054175668576111,-0.0011180867499893665,0.04212088111837797,3.4766017051742173
-0.024125270753537542,0.11275976353355555,0.0701597765657942,0.2702451243658772,-0.042426289814101015,13.19423683645022
0.25324252692899174,0.04369508001954703,0.003471022589653483,0.037744339828229556,0.07842392492226136,4.168443198937044
0.22401266388417085,-1.8980442571103144,-1.5827406052307487,-1.9648558747624274,1.2321697353510634,5781.684009827758
0.5458888023876334,0.2671160351881099,0.1721799187855817,-0.08154938032617087,0.14785668028196053,6.940730803871339
0.29887565672527217,0.09646705367031538,0.048447660483491806,0.020674634446706808,0.04029971690887013,3.523352898137921
-1.6220216209939418,1.8983127000681974,-2.002400381366525,1.7166047515551899,-1.1414525713188235,5410.7115663604
0.3328221844983861,0.12376025108413424,0.041578812528059395,-0.005111745973788384,0.04469986462250075,3.4318401589278835
-0.47324242437388464,0.8151059302815198,-0.35972821101343055,-1.229113864121373,-0.43904425771807754,713.5669602711548
-0.686713209281971,-0.4336297953040893,-0.6084416274084736,0.1864580347570466,0.1814055629097795,159.0527327544653
0.10737472083123878,0.015444075460311346,0.0450158444280202,0.03680124119117467,-0.002091062849271186,3.930026099207627
0.3145569574720959,0.11596190582205868,0.03280876197706384,0.005515714992308851,0.03946782234375945,3.3997559686515446
0.07904064999047877,0.028359606490680367,0.06154068177469263,0.02714361937031251,0.07667623048641792,4.668424719356491
1.138452877803949,0.5811432325854757,0.2154397561967829,-0.5773917999049356,-0.5941263348528789,180.8469179237627
0.36035509130077514,0.4605710311822162,0.1696909128330213,0.09509449493329036,-0.10113031170405606,14.979101500989557
0.37089950241331415,0.15668846108348244,0.032727192326102994,0.0049093796233186104,0.041775117275163254,3.2518015352367424
0.5461889802385045,0.5324071589895158,-0.07410851803387275,0.25899513246734074,-0.17414457493217528,32.63752582382793
-0.8411842191402596,-0.007415020525495919,-0.24818505852195094,-0.040770496268915934,0.062932883352814,65.7549661938945
0.6018479232423801,0.3760793773594302,0.06885039774170698,-0.04983591251709685,0.09156335945755645,4.1544424749063005
0.2852822996367901,-0.34668317770500745,-0.5011314137517648,-0.6666685383053388,0.6384752903295308,152.28442173600752
0.45880492434308806,0.2231717706620091,0.04489164204039575,-0.003752791517729559,0.03793073530578894,2.9816672904518144
-1.0827633206402696,0.6874616897234183,2.0348418697096537,0.7092065730506514,0.8197243497632045,1460.6305440722651
-0.27928792066770036,0.17763646719850223,0.14565866450908382,-0.2595351702067441,-0.5049842966518303,47.563641544273665
-0.5837538900981993,-1.7939865576441443,-1.6973873520801457,0.8320382021009105,0.29617507006327104,3325.3869105957256
0.489032463823341,0.2532232545070534,0.05000302258855083,-0.012057544792716701,0.0433842549362895,2.993403652514235
0.3909706225593501,0.18166028950512159,0.03109773231457824,-0.013862144626167971,0.013020165053564181,3.1290501143737965
0.31997248924567856,0.1125664252889127,0.022911471136517036,0.018866984014269228,0.0016565357324909158,3.2219697411278427
0.46487407867958286,0.22593818935871068,0.04274404078423277,-0.0036136022239432464,0.014629269525840094,2.8499932325567965
-1.456982271245777,1.3263846909907886,-0.37500389210527474,-1.5477600152789162,-1.2848041754351998,2173.050279813627
0.4978870035475098,0.2487601309827694,0.05036278930171356,-0.011662776156700083,0.0043180448701583,2.7770055936737905
0.5166182235657275,0.26377449231555383,0.0587329238738179,-0.016661803620590554,0.003969266579011865,2.7498131169630353
1.9059155657971458,-0.11717832558898689,1.5320489211084483,1.221723165620947,-0.8190183409927811,2299.974707721013
1.302958671045698,0.09741906333599726,-0.7236828486936018,1.867048774341602,-1.096146112451256,2594.416186612319
0.36297948808567293,0.1602204021425817,0.04006339069053366,0.021121898738042155,-0.0025203774009945334,3.131424489431813
0.07537584420615051,0.017457271148743292,-0.07589007992230035,0.0005918754776201851,-0.02489765109527653,4.635769529773847
0.12069401853797057,0.13707396327356403,-0.2771740387830086,0.21568032471817178,0.20672918466046752,18.51920378038777
-1.1433498574617578,0.8644046008238502,0.05066527962751932,1.9723750187583367,0.9071926234563685,1352.4709900689818
1.9807329138952827,1.3453345195959496,-1.9871364227008144,0.6202563611542007,-1.4175974723571967,3549.2031145364163
0.5342572080175176,0.2757204357791516,0.059523451469622124,-0.01648440333347745,0.007367046258634158,2.7410265753439207
0.2837894944674475,-0.4173317155102929,0.8741949590058362,0.8158147205339423,0.8947855466090622,81.88385950492446
0.07037531270356068,-1.5922949194007874,1.3497076576988634,0.5845255431223468,0.21687292603271446,558.2066311052595
0.5332018034645882,0.2728930408409349,0.060227232703292444,-0.015099751922211357,0.007938110504763785,2.734509100036747
0.5329677309648297,0.27126178431821124,0.05964676048682982,-0.01347253034027629,0.008630458712999722,2.73249815699383
-0.1582927819670732,1.95633709562982,1.2601599418797558,-0.1879539955528131,0.37001062248226724,1362.320877077373
0.5340460053302944,0.269720405993394,0.05415637981702481,-0.013301844542818131,0.009511725235834767,2.7654393531280146
-0.47164714835889576,1.5898466809873883,-0.8716980657252427,-2.019079723188305,0.6184098085157248,3325.8545738088715
-0.3524583588755166,0.09445530036973304,0.40725814226968504,-0.12060868962113402,0.0194960106299229,28.420914870142393
0.5317184639897641,0.28111934853250453,0.06715271676672785,-0.009373019893733847,0.006306876117770699,2.6626150637761867
-0.8733196026792132,-0.17510435600781338,-0.7243015480637836,-0.017334169351011397,0.4829322194847694,206.50457847850947
0.3023313607500544,0.00897571573625422,0.004767223929540432,0.003152706410320505,0.027202687538597115,4.209630531862436
-0.6910188632552683,-1.6681322378599852,-2.0234597954461893,0.5132542891626111,0.8509229404747813,4106.584991013767
0.44826178172591113,0.14615147562947994,-0.012387409909700775,-0.021679819576370996,-0.008130120955564202,3.571349329553785
0.542535705942099,0.3033191705354801,0.07599494385401506,0.0026903025191429286,0.005353063677539627,2.580537033670668
0.5623281176061607,0.32754852973392845,0.08128508860500228,0.0038562023312955773,0.007836189272516503,2.567426316459252
1.5845517699344818,-1.9701699160839594,-1.1417640366052177,0.36469419637665146,0.2741789880614114,4635.607585191458
0.026224464776622547,-0.14630628935824141,-0.19513938409029374,0.03288030130224806,-0.1469727902334952,13.670528413215367
-0.02943378937641139,-0.09792665363027275,0.03822038977147857,-0.051063368928369046,0.01987748715640336,5.658613017882663
1.281272186864503,1.0793039159510833,0.6407639683184514,-0.49601204882017225,-0.2833654818480047,171.76467818104715
0.22013988643606908,0.05759518647548312,0.019051384055380538,0.011232452897984135,-0.0007695935381399899,3.4812236486144426
-0.2029435289387318,0.22227705458660996,-0.15454720397284372,-0.32671658709242446,-0.024386470923951187,26.595860739106616
0.47626738440956284,0.2282521280450429,0.05623393822194789,0.009227875836013588,0.0013398295476552136,2.7479628190945937
-1.8454707709236877,-1.0670078000766354,-1.2577624120432886,-1.9252536142649492,0.09473791434449907,5135.416164874389
0.5582383217035414,0.32054372794100416,0.08446154693467633,0.010380945419789178,0.00982161685590599,2.526246936183292
0.5658976208516959,0.3266568830545977,0.09181946193927759,0.01757098694744119,0.016745415292064525,2.4934397686622924
0.5762231945151393,0.3387051428498986,0.09653685206768126,0.021438816280292983,0.017944062798381122,2.4735024737623004
0.5863675641228596,0.3496081093945991,0.10256575768057852,0.02392453230776681,0.021702243821853262,2.456822961870398
-0.08620466817055106,-0.16201186153673097,1.123795087567963,0.5607077316710001,1.2019958738418643,254.16392552410605
-0.11669357952922965,-0.02411499928467231,-0.04195708202707449,0.02760461280247739,0.041484261101759845,4.882992628124753
0.8227208213083306,-0.1233135977142128,0.31397281333964777,1.7816311878634892,-0.27577865618572006,1548.8387449415118
1.990856618903079,0.5133339190031458,1.202447268772882,-0.8356177188329359,-1.5715617865631066,2318.8913136693955
0.6135738194837499,0.38022360507539377,0.10776287309031662,0.02178691488814577,0.028806371481820303,2.5139388368483218
0.18352270795534542,-0.8831004430539551,0.8545666761895916,0.3177267965201187,0.5739473172481917,128.69908613299515
0.19566280548140513,0.03320321008764271,-0.01585425857497169,0.02169747260536381,0.0061334599972449055,3.651224626879211
0.5828918161696621,0.34705275754032616,0.10217036098070631,0.022348640220893667,0.023693388951176786,2.4689126206412872
0.07452851053475085,-0.21971268834079605,0.2541568182954381,0.293371140168023,0.5826762769027756,42.60905603191365
-0.458255610567903,0.2432844762779065,0.17781595393427496,0.004891618929675712,-0.1819285053635804,9.265529070796777
-0.044551955761373385,0.0174450166464708,0.037251931862717136,-0.018374808067735504,-0.049738778055658184,4.470708705237131
-0.6887238879242092,-0.29987808814374906,1.019340831776396,0.8208563858788227,0.5830642256152196,156.4809143073923
0.176915949974211,0.028715242074432545,0.005435550343730444,0.010335554845258166,0.007683980596403295,3.6086121369430875
0.19593779378437937,0.057593692571235255,-0.04226434826308534,0.02544965629953122,-0.01996938400868986,3.913849136572254
0.005091615893080714,-0.16460069010294087,0.3381376498252817,0.5395310016321893,0.4750273126753193,36.84342174078975
0.2840672268648454,0.19039437196364695,-0.022206480192718647,0.08629645541468944,0.6930586577523097,52.335455377887314
0.4724410285084639,0.9915218830177737,-0.28962539635133,0.49900196805943153,-0.7526348564058456,340.7714884917018
0.584358937529684,-1.596163104204049,1.4125380120410638,-0.8659136396048637,0.7714599619244842,1333.5569499471385
0.3286342695736093,-0.2085979631651258,0.01357853972823575,-0.05579162469811627,-0.02434053589920593,14.500929023365943
0.11508697506565246,0.02054930293489532,0.015095246205805157,0.01142810588732468,-0.0018191950662806988,3.7294960792157195
0.0015371209913430661,0.004076101579474134,0.006008377601919079,0.0323038291399258,0.013561503120527174,4.0382879910318
0.5905495456848726,0.34975746340698866,0.10363478749799349,0.021125710434061418,0.023267574879417996,2.450051428263416
0.05487914512131464,0.013741977928838356,0.0034904243011930625,0.012216164317470302,0.0074188808592867694,3.867488935238731
0.593882455978938,0.35049485675082437,0.10520321542999778,0.01835869593015138,0.022085541522213425,2.435298614680362
0.5973744987164977,0.3533470907213778,0.10850536793744459,0.0144703514683715,0.019811475971839076,2.4134099371140048
0.38031392860692037,0.1916329950797646,0.05399190240967888,0.06063775231634061,0.002994418939819443,3.398704858592856
0.6596035198628218,0.4309610120408167,0.14402379119409447,-0.06550327496913178,0.04517523628100495,3.3942748055225698
-1.5557687954314574,1.4145950454936282,-1.212630352723194,1.1010564381847074,1.6310296463958256,1176.7484975226128
0.6021488456257011,0.36195602128477766,0.11577476143677945,0.01032292209997232,0.016703127247976735,2.3784515992342907
0.6010569029134194,0.3686142381403412,0.12367157513960692,0.007991745847580667,0.01367179616258829,2.3539768607032117
0.5893115318894928,0.35882755744035943,0.12821066970948802,0.015098789475418872,0.0084963817511583,2.3301759709485967
0.5015045410523293,0.23436317029005238,0.07212860104377317,0.011145894373259857,-0.0019618569191943713,2.7364258204979257
0.600375731623155,0.373163823516808,0.13423224463295558,0.015635681724167405,0.008768747673570942,2.2976646436183046
0.6124954515412626,0.3900760237316474,0.1459064734685276,0.02044108378635645,0.008005094019709169,2.2431933283634677
1.1373128700943305,0.44102585244202697,1.9826036398158902,-1.00827098555823,1.143803407653464,2838.706204637278
0.34226859789229236,0.11171922729880635,0.016281190676006307,0.015535473394939991,0.0003151501372657961,3.1862364095644953
0.6375762746411873,0.424387139201845,0.17070664809868452,0.03029596463924511,0.018284275595253696,2.161841531615525
0.10156312576421955,0.44156991863340966,-0.3901241214886868,-0.37905389991328686,0.32587554739480984,89.32868067756336
0.6457983146136583,0.4385566387833397,0.1790973395198594,0.033454287648223335,0.021765362193427062,2.155331207916063
0.6456821299821387,0.4381201968884314,0.17936171421585279,0.032907605065913614,0.022785195295996985,2.1579696479340584
0.6455394574577555,0.43734443057997474,0.17855943571288835,0.032993681380463435,0.02142442069853212,2.1522553015676626
0.1459313049557509,0.027102163081543118,0.011586113666640419,0.011150459925931777,0.005359715826557476,3.6607725073526276
0.13592005256139927,0.7975014118314099,-1.2895704257150147,0.8563861783283806,-0.21173074485692078,591.9121241709267
-0.04065337169048355,0.011899303954767237,0.009569092153772107,0.00946569230584915,0.00036650941574700724,4.049596182310128
0.5630843652330442,0.5973045060667466,-1.5272701334064058,0.9590311127133417,-0.469951407468407,751.337972556586
1.997793959851367,1.649264285851078,0.8309029857717234,1.2697906689417517,-1.6014042885404787,1973.2748185535522
-1.4485711601450757,-1.8706994052231884,-2.0268109020160567,1.4177622545124873,1.4451308553880495,5408.574753932069
-0.36352625990828935,0.29162450338231016,0.3947433561724387,-0.09751364133688512,0.27625284544052464,29.59950033446691
0.6522687064884911,0.44303653752775984,0.18176958700785617,0.03742696363493847,0.020115042654490267,2.1160920871390063
-0.5072237986304591,-0.1240995575466537,0.060074288248808116,-0.20709164484539855,-0.13673755281996036,28.2861261184732
0.6821349467500433,0.46871610860113755,0.1905496229185979,0.05588320436897609,0.014495425172786458,2.067220428199861
0.29639964360995696,0.1222368799562017,0.0996755609471216,0.018168734858305058,0.02121740412702877,3.9267122446058242
0.6712716768219931,0.45513557777488867,0.18493338331164955,0.05234215812301635,0.012028548025076358,2.060271970865148
0.6729253662601486,0.4573495488370445,0.18680489773966436,0.05326156801297266,0.012781195265228806,2.054723030080671
0.6719613931815456,0.4565302339794086,0.188691999708408,0.056491287938269075,0.013243975359990667,2.046545796302973
0.5404775889612217,0.2857413917689371,0.08295255861428652,0.008172950245126653,0.005407647711976882,2.5532762051417484
-0.35638346211141125,0.26645329067790025,0.3966654739634756,0.043632034258567653,-0.15795398550491702,20.055437032345687
0.6942242364119493,0.4847561082270899,0.21172904982335528,0.07664271592183525,0.024457596728936437,2.0235685791362004
0.0038359614960814525,0.18885736943270226,-0.03861073090987688,0.24004354230255665,-0.3485470620006357,29.612398907617557
0.6812916956140223,0.47477209109003704,0.21043456737658195,0.07736318518596885,0.02642306541156403,2.037001682388219
-1.0606356908609325,-1.165750123429383,-0.301853623504202,1.915601607101471,-1.065880058283466,3387.3195866915266
0.2693874845874187,0.492767105130564,-0.533338674588663,0.052384773754509784,0.6825663640071236,133.54016944122225
0.5143669991443081,0.27869335807255524,0.0399358491828381,0.03422592361570809,0.004149613577512756,2.880254759370942
0.6964435471330184,0.49504494187249426,0.22223289503056431,0.07670120061720276,0.023776886875134018,1.9733250665640378
0.7280092065547183,0.5780586007735571,0.2903431228989213,0.09600131732997141,0.02900760331388552,2.0486113144686056
0.7099557129019112,0.5321652949667568,0.2562259217799405,0.07973704420149286,0.017852863291368593,1.8880106224806008
1.1620239231080518,0.897342887035903,2.033387695673704,1.7510122538019992,-1.3428812711183222,2685.066638856618
1.4218791684666052,0.9965788664965989,0.784483630539575,0.23823818689882925,1.1604678497713015,246.29917985369957
1.011878679195945,0.13324418963831208,-0.2774152651277235,0.3228159249979199,0.9338624987296194,165.75762648612852
-0.41754059952648226,-0.15664141253021313,-0.2543299924300808,-0.6660909379200728,0.5846330728588627,81.8179982218599
0.705632772705703,0.527713406382905,0.25441285078698384,0.07601420770891965,0.014006991652922185,1.8855792358977879
-0.890637144108029,-0.2440675796146028,-0.43673500139809485,1.2597544253045356,0.4273170320184527,388.2470503635843
-0.9567312936472074,-0.5817038049471905,-0.5133241152585357,-0.1402065192953068,0.9998908019248973,418.95681647086144
0.6344659481031778,-0.34083487665057377,0.5015344869449114,1.0387899774696,1.3662182874662032,142.515118669305
0.41505938193507497,0.06707276469520451,0.011013073739840618,0.3996384673182525,-0.1718885159755177,30.619232844534647
-0.13584202689513258,-0.9270180998221824,0.8661592076299698,1.0953282327984324,1.7386441540967064,135.3772278395329
-1.2053000803741785,0.6886960962488868,0.3942904290400753,-0.41202031587194043,0.7016725775839379,126.83568076355434
0.9414093144696407,0.0987321247740347,-0.2663561421569538,-1.3205649351148065,0.14708623367496543,526.0553642984349
-1.4147872158983563,0.9275974145830062,-0.21909907172566312,-0.2345805807354049,0.7455050495862836,296.4009795901994
-0.5705076306954153,0.798564991222789,0.2318373236271718,-0.5410904464559245,1.23134759529444,167.80055297322593
1.1308732820595555,0.4129196856194737,0.6335718014118616,0.32931985227838245,-0.6537009743860507,155.9843230484536
0.7396223861276012,0.566186719600585,0.314359958254979,0.1419910070798558,-0.0033882855002072,1.7445939264190096
0.6713899528297724,1.145980826180962,-0.18610935661336914,1.219210587672408,1.9338635912086577,435.068478473096
1.0451239014491174,-0.013022845571323938,-0.6355499925079413,0.35918193008127064,1.0710105805171155,255.63455814100848
0.9851429509447747,-0.16637971106057092,-0.22499633132992725,0.1534555619322009,1.4793003333400732,352.1923709576063
0.734744864650811,0.562095106858425,0.30796672963946214,0.13541140180054656,-0.002060171302602054,1.7505803954414294
0.4265374946340881,1.293009982480679,0.7675719354918034,-0.3352648948341852,0.2623641387430804,295.18319156680514
0.33648280374342043,0.3466717687295642,-0.31515785351141123,0.6100994048508674,1.2822745542570253,136.05951454418448
-0.5334697113860665,-0.0033367266997532674,0.27151225768761833,0.2560003288530033,1.1637907135852466,144.04286232608362
0.7870374888026594,0.32148304696751584,-0.049454025506630916,1.0709854257338258,1.8505419528737148,176.49766519589804
-0.6353408636537932,0.10403601726943368,-0.5474214667091379,0.46118835182277573,-0.532375830340732,104.42481814043528
-2.038867474514962,1.4794358454216092,0.3884412869625242,0.5461614136329751,-0.593058799692818,1146.1481157783835
-0.4769308407109829,-0.3238165568699687,0.7737045768655091,-0.08345977578480057,-0.5891117316259404,162.33943924917605
0.13127392583610664,0.4774496608788943,0.30626926547791467,-0.19467878793828275,1.3246747606016451,198.6305010890053
-0.2945727901891677,-0.09503727061314882,-0.059921719115951344,0.1418166978074007,-0.36684555790920426,25.400161130204435
-0.43193473506427105,-0.5450783807438699,-0.30078717765879803,1.2949923573816151,1.8011828679028254,242.12422985801584
-0.23221027819125584,0.992220663405035,-0.37505410563368424,-0.5449551077910821,1.32613890050979,431.60099808892306
0.6464246830121607,-1.012393212204281,0.677989435722274,0.8478535012048005,0.7835990299551234,236.39071022466564
1.718265692670787,1.1756880913756333,0.019896761382770745,1.367710315684933,0.5791985450529937,856.6596241585962
-0.6118705923170968,-0.04846379516706789,0.13778989417755305,0.3196510285908656,-1.3715389693809272,250.84203136219898
0.1264754703028097,0.5796100015807535,-0.4475368545088054,1.4168902344172096,1.8369320204739101,247.28361744737032
0.7900394955570698,0.7349986293826327,0.5594320775604746,0.34042971261331223,0.05664076320924849,2.435318680371553
0.40297365154104803,-0.4994733944794152,0.9308907625464973,0.45771075596617994,1.4603774639127813,266.3278933226765
0.041491310786718305,-0.32773769167266487,-0.1811873749862074,0.03326754314396041,1.6074538493645938,282.22982516962077
0.26895129007706275,-0.075149042972251,-0.5662443940528932,0.26189577349411364,0.8607530388459388,102.66679178292681
0.5575984064105515,-0.23827633180648577,-0.7426222830481333,-0.13137476483614585,0.1718393854331728,149.13034294327034
0.53377658853125,-0.7420038311211545,1.2910231067929092,0.3920549152782318,0.3846148852094742,331.8043091437804
0.24496966422148558,-0.6223660593087696,0.8628404252176045,1.086090217904221,1.5414140002042744,97.16254957896071
0.7871376826519234,0.6689978874852329,0.4494042066454753,0.23764474160735727,0.019736667567594512,1.5459921364254245
0.7852578222489122,0.663932105460582,0.44237267005270065,0.23360006726962812,0.018780611799689595,1.5531397811560335
0.7916700546621254,0.6751224366233752,0.45547950169367013,0.2393000032340753,0.018986990092728195,1.5060805094074334
0.6410180271443684,-0.41896180241606373,-0.37417280554113264,0.7424248142608225,0.6617742740328207,140.6956814212854
0.6614724654088633,0.025168595809204497,0.15322494758788752,-0.5677028160641251,0.6574628502192215,69.75731273979994
0.06363578204510345,-0.4803816061686854,0.6840953679222079,1.2575886012889232,1.0675056253894475,136.02167796839063
0.21396222408674204,0.1790513324460008,-0.24239787767041165,-1.0056357299722698,0.19242212072758536,196.51650394671682
-0.9591898677701796,0.11152170379591286,0.3523330945937051,-0.3120781286121901,0.09679152808876124,102.72133461978243
-0.6689875278141311,0.03453969483162034,-0.9402229377129268,0.35525562896677654,-1.1093799232797144,294.20795447132707
-0.26207744224836005,-0.0822277990335929,-0.3665718215838738,0.8021708149581004,0.8049622047813618,68.08878911060124
-1.057702803840735,0.455633479036178,1.3442852463210069,1.1280287793786692,0.27604643141207585,323.23665100239583
0.4760743964652572,0.4666285170988411,0.5578997553419525,0.35427389223671213,0.08273388051727437,18.869303764329178
-1.1886491616506303,0.5836907059566774,0.1618829448790593,1.138987283940625,1.022972181433388,208.99258389863547
-0.45342383548572474,-0.20201474980804512,0.9434929989025345,0.31930713126298604,1.023558720074226,219.64634357967216
0.8354045501668752,0.7316817572431837,0.46925847132644405,0.2596175088774153,0.008664105990226822,1.9803235653112907
1.3068409490263724,0.9007341709075289,0.605835111844784,-0.23548064443663685,0.3530400722111864,116.30773675399844
0.3233890554680099,0.571953015551109,0.33643398513106604,0.7986857841157415,0.717941616474997,70.60566574002381
-0.6793544725217249,0.7775551968536267,-0.14524554045371807,0.11711323735508428,0.35247260738765185,83.57166537383186
-0.9941114193949268,-0.0833888701857719,1.7144354771213246,1.4624723860651239,1.2036593629344243,717.8188078432014
1.2585519393588607,0.630381369006404,-0.2610405149556476,-0.6916949289676448,1.665257266688391,337.52556636382803
-0.8912298597071915,0.07678267195967159,-0.26762506534753716,-1.184487531226058,-0.20914075124453313,487.4557103727011
0.7962363273326436,0.6817460577629606,0.4557403009496115,0.220433688429146,0.004001095846482894,1.4979998558478986
0.45572517312496474,-0.4841197121554355,0.6623771088357082,-0.5405720325012855,1.1278202914098419,236.89345685475547
0.8015170371074753,0.6838062199971358,0.4611421108343241,0.2331866204561348,0.014316549929695555,1.3957489447386433
0.03265721897989815,-0.2621878828523132,0.09852579612153667,0.013938260706650052,-1.6411967134295158,280.7510628506141
-0.24637148452494095,0.2053026796820525,-0.9534750688557767,-0.8637951679811762,0.24374980044792371,450.2533185269069
-0.08459204341015503,0.25388128359654516,0.34806927402599497,-1.3327200645641122,0.7841630038343994,331.50748853148275
-0.4808523791860335,-0.6669956014591432,-0.22553422439927862,0.8635732832097966,0.5093160232733749,203.75711983329725
-0.09028435623077535,0.2709457320301505,0.2265416043820916,-0.6093314487855808,-0.7277730465413477,178.59839604829565
-0.052422801646514916,-0.29785909661613275,-0.17163940247360143,0.6320608575071875,-0.2305095754883213,96.11941833758102
0.8274870946962989,0.6819467375599162,0.46274756540943196,0.23120185209593824,0.042336575612179406,1.0534045349674976
1.109176273914191,-0.23160255491621196,-1.244173833426408,0.9176794107637529,-0.47554728421707515,602.0668179150566
1.9187238221901999,0.9643546081907988,-0.27347382725191793,-0.7561757650966341,-0.07677015609379989,999.7844112975774
-0.2955423151779719,0.00750038978623202,-0.38028556926688806,-0.616687414410563,-0.33767644894508875,131.79382269023404
0.6185298836501762,0.9809108116858667,0.21921702013184463,0.500980912592699,-0.4523587984161126,161.98778790012452
-0.7837544793284872,0.6488150232877472,0.12520928093838668,-1.3617588794613797,1.2046968809897205,250.45732466835543
0.40429351597512486,-0.3558220825172389,-0.6958795142645064,1.027312925002843,0.3589343052664149,177.6777974238262
0.8375447847042587,0.7017654377683717,0.4845939234065124,0.24921014424730803,0.06355804804505727,0.971769301790012
0.8412066083068312,0.7155931378873812,0.5025542727878323,0.261827061944238,0.07494596071860915,0.9265320752920085
-0.13217849471639664,-0.05987043764377664,-0.296352314985052,-0.7293235518365544,0.922806524324912,98.72353505825632
0.6951773824892293,-0.16156598696114233,0.9044780707604008,0.17784818285041393,0.6647657437432106,201.93877989330988
-1.818816178886252,1.4990894194986146,-0.4043447661698387,0.5950064872496887,1.8968858737778982,1297.3455899013852
0.3372078017707443,0.03391068932973518,-0.45482709838206126,-0.6817738390112265,0.46344820690464017,106.71435490251247
-0.08369685302062124,0.19888611716734284,0.8704507119571585,0.40479952429161736,-0.8789558738743279,196.1075380454002
0.5694381401328346,0.574472840171619,1.3435372264832224,-0.4557465234161604,0.6497823791425121,642.2686993725918
0.8381005970634745,1.0449492250502006,0.49636914014491884,0.6208403419584521,1.267112644731947,139.382785355788
0.8420646492082331,0.7258489124318812,0.5223869840707653,0.27583537145278614,0.08504692451245299,0.8916722714425612
-0.7169078093509396,0.649688125458276,0.7477261847419063,0.745457159870587,-0.8029324513375544,203.70786571918597
1.762899820110317,0.08506854631698291,-0.2907908551688547,-1.027014154690064,1.1429193493285479,1054.1129645858084
0.05245459016755438,0.6674987931539995,-0.11175641752129306,-0.8267751067256608,-0.48709017990223247,288.30797634990023
-0.14079185251234994,-0.8169603366347289,0.12428676055754595,-0.41934963681691917,-0.16668508292901496,137.54266988073616
-0.4814300772294504,0.48940610467712364,-0.5165492917619807,0.4778995373302952,-1.4733608381519379,362.87928338457994
-1.58208169504299,0.4780579675780179,0.24160490090480913,0.45331204962098504,0.11656917985917348,434.25101740993523
-0.03729794744795978,0.1385954108609,0.1859274551466319,-0.14146520052335387,2.014785920459394,409.45662106633273
0.8433759217689079,0.7296208666922395,0.5284676274849911,0.27997281013073705,0.08756579486519644,0.8820278807375967
0.976762099432559,1.0394185336101343,0.06131041880515831,0.6765053493201618,-0.8380237340703682,318.70718779563623
-0.8801134383696327,-0.182045626250525,0.38208252387942876,1.1148189629067584,1.0046181686282512,208.55773164335835
-0.44157248830407814,0.8474014852939407,-0.6771964527020107,0.31321800995513316,0.4843390446422182,259.6639454969929
0.9597069746891229,0.8438462416770895,-0.8457768257950058,0.8550310242053869,1.3769441369426882,290.4061581715103
0.8130752773834629,-0.5304433254067387,-0.14749032872837042,1.1200644602146714,0.6687333992971705,319.0221489232569
-0.5571579301741532,0.16942350212343005,-0.6186657078769033,0.25611750416119383,0.330111521771121,58.78532104184502
0.5503990682215258,0.27198458866725295,0.9399999627710098,-0.2508845303963889,1.0644299915894235,306.3992037674817
0.8107227836833384,0.26492783194626224,0.016293846466248763,-0.048470903122593834,0.010771098983000105,18.571536657753004
0.8457849538029931,0.7348453408473734,0.5343588851752146,0.28464795819679845,0.09109575683701232,0.8740399326564736
0.30337890724019223,0.04892461622106614,0.406320141693298,-0.37500972438752567,0.5790963821252735,68.53098072759818
0.8494408896780619,0.7281794981015541,0.517630520652308,0.27473930922445744,0.08601427216091162,0.8912612926859178
0.05574952607905148,0.6845054311859746,0.847907904589555,1.0233396859243116,-0.10167809927016935,203.0995551455444
-0.4371241315764878,0.6151614556151643,-0.1259313880818722,-0.059478299903740206,0.627092627943918,87.475404254366
0.27607641914261905,0.5289024127217927,-0.7013408241726669,0.8638260377399214,-0.09383175446123682,204.80195157071267
-0.24812228819266324,-0.8944683542448681,0.7662296807028834,0.868272914702457,0.5030918771553776,110.92901488511752
-0.7472200788593857,1.1599163591169872,0.37671030491401547,-0.12620001519261992,-1.394797412873364,340.964478797914
-0.13294633158049196,-0.7917788440643456,0.36766571380256874,-0.4372793334608778,0.07643979877289331,113.29016194173803
-0.29544492651774856,1.3102101272584408,0.4424766162055316,-0.8780085379224978,1.054401067252516,440.85872805752297
0.29121139595083,0.744966428706765,-0.34485537058968707,0.9708788259092698,-0.550365730482465,422.40666757266695
0.3796799799914705,0.5213611635702651,-0.10815615761844133,0.37168465146533824,0.3169805872518978,47.06009723890318
0.16468500210868653,-0.8106691030589952,0.029756388606842155,0.4268731846330782,-1.373297566112651,374.91222998880096
0.8514197031707695,0.7375374477497627,0.5375692055048433,0.29349104983118224,0.09581647858638975,0.8353808949271141
0.8559907679290095,0.7383475151284937,0.5429722401668857,0.3064984753393203,0.10272094708724344,0.8040129836089138
0.8564844019299498,0.73766312148111,0.5439824855080584,0.3094695742665583,0.10481246620467743,0.8024247682755583
0.8563824076981912,0.7375137923789734,0.544006168513131,0.30959698355445964,0.10502331284602073,0.802870583631914
1.936233189823528,0.2781325887273298,-1.1092133960555035,0.8387318750607684,0.02025643937978705,1413.373911637011
-0.1888048866677814,0.4642497722313146,-0.10806608649378635,0.11186869699371282,0.14890431314424468,35.42221307782781
0.8333762339243469,-0.057962895436981965,-0.2738577486954987,-0.04414639611201476,0.6229864537285494,108.1557004125379
-0.2779869322120545,0.25468555733352494,-0.018118952928715792,-0.716145207927654,-0.2808697421514834,124.34123010876463
-0.6554344230543563,0.6624949848639643,0.21442973150465727,-0.14991320486980708,1.3581561822092763,197.49885643676166
0.8576597377523072,0.7391007679225474,0.5467869634105242,0.31102157213200776,0.1030788075437532,0.788223391001631
-1.5809154095036377,0.8900762038889005,-0.7073287370912178,-0.9862582991522524,1.6123721248294869,759.2678272917058
0.22739627226734793,-0.003546757188090943,-0.06876300695754711,0.14798661140398428,0.12957944660718157,7.462310942824248
0.6984198897889846,-0.6821101584143241,-0.35652746498143517,-0.46551406597068,0.006174668177274079,250.86364849904902
0.8621485370544817,0.7431380159658691,0.5542157456365695,0.31380156157531003,0.09869535470346458,0.7593830007769679
1.0153302606559027,-0.15099491823493194,-0.7777905294981664,0.3633496819606523,0.5180499478332385,229.41097045064427
0.09499770071835023,0.23037756894712347,0.7366591597707925,-0.5228884347032319,0.27162743455808647,168.96958869498752
0.8655969732926474,0.7471478496049908,0.5606974219142544,0.316617897023558,0.09707499346488202,0.7445566208275297
0.868559953066137,0.7533862113177672,0.5680499923659452,0.3233259837682385,0.10256245054260793,0.7231190891438284
0.29614672864137104,-0.04597806920765812,0.2295445111549177,-0.2843024358837021,1.5411175699681512,235.39307372449542
0.5452910020262807,-0.34073507563187233,-1.2475335584391523,0.783089095460253,0.4407863396951779,296.53213795337
-0.38662463895588783,-0.3259905126477125,-0.658883702225235,0.2519324366434037,0.6224824821633002,122.71457155404846
-0.7406272894376387,0.996941177427368,0.569607946888913,-0.7544230783588748,0.5338492970785285,160.9241180182644
1.3890575465860322,0.9641942198857971,0.2992953105405425,0.217312234732562,0.6614587124200026,173.53131858201016
0.9964388309877266,0.6179686965207432,0.5041577412462073,0.8894625115463723,-0.14094012716678161,143.19273614796214
1.2728410615724415,0.8904978477290029,-0.5074142612790729,-0.5638774117053555,0.9004513876795253,328.53503804330774
-0.23987929734568314,0.5141257283025062,-0.20258359060604958,0.16571182863146294,0.11178901663573182,48.82830456014756
0.8753632971371488,0.7718188966132224,0.6012048972766642,0.3649902676614194,0.13352764353934043,0.637255321315209
1.1906279725950535,-0.1594436234012706,-0.8466209319965199,0.5947399010591141,-0.3080231104695226,374.98476664682704
0.8771434792440198,0.7750443809891401,0.6069735812605321,0.37286268171270365,0.13840126732320668,0.6226366328225383
-0.4414267577062889,-0.3816239601461682,-0.18118763169477248,0.5390774707318458,0.23026045621594227,75.50166681414417
1.043699361512778,0.32086712722042376,0.30064426430376123,-0.3023176131057481,0.7048424806345719,118.65988458592052
0.6079589756920671,0.9770474850200062,-0.21507362414512543,0.07597950672603249,-0.453605539500586,197.3919047165567
0.8811266745180082,0.7819167490776029,0.6175599032915344,0.387329145095364,0.14800918724866952,0.5941249948404423
0.885532175887692,0.7903338669794193,0.6296807782845883,0.40295360639650335,0.15931754196921988,0.562120036846204
0.8884160944355233,0.7980628548228448,0.642492654235725,0.41680456084554285,0.1709857328949278,0.5343463938834483
0.7005373674714912,0.462725046909223,1.1348569766562013,0.16451906938722605,-0.20391426978262772,217.4835525169321
0.18392983315049305,-0.20755027973185314,0.07429375708657915,-0.19085929046936734,-0.5258084265261662,45.79048983737768
-0.5782376994785681,0.05749900297523336,0.8676986232476795,0.8286932252384838,1.2260805425406418,115.47264901121669
-0.28317060002633165,1.0402463393179033,1.4458688492131446,1.545034898249853,-1.1006659200367706,1353.7787867406369
0.9781577205470611,0.3676662439170002,0.04928278382377993,0.29615939136214653,-0.4210160868074322,71.75239115994142
0.972410256157537,0.9658216531596726,0.6498861780757532,0.6783902036663569,1.3366284015846195,91.63948174558435
0.7046018038043806,0.9980654644735334,0.8355833948688001,0.5747188930733134,-0.3269994164235981,72.76250318179738
0.4779488028130934,-0.5610743488217746,0.020465197956058834,0.009312796823493397,0.3564284772568591,88.35236304143123
0.32790457226976333,-0.4418455646788606,0.4835871910526377,1.4740134696096399,0.8368428978568754,373.7720698223279
0.9080268749372364,0.833570652305478,0.7335052769834505,0.5772080192376272,0.35839381710866336,0.6607552874569957
-0.5020310379681037,0.958838605561537,-0.9796830079594927,1.3453818623428822,1.20853848946925,467.9449927495003
1.1913857447935783,0.5128574263084769,0.46678197320119397,0.5179321137490409,0.6567116702365197,111.21713618969473
0.8218246203694655,-0.34170661431109384,0.1937071115437914,-0.45288321858403147,0.8739398710151853,177.41866686872427
-0.6287205813077286,0.07378775735820842,-0.8095307627067794,-0.604838221050455,0.1960626078291221,247.8023392611041
0.3030354948174412,1.421244196575997,0.9602236647961098,0.947525412874739,0.7126046913619226,293.1953398220701
-1.2747552072768582,0.5210089688862882,0.046353877483616746,0.4765918518917869,0.8678703659494111,197.09718631254282
0.2827000623323861,0.22363430379461757,0.0807677033699079,0.27315417986119606,0.7855322201241335,62.30032531110014
0.4039676680197739,-0.5390628149511565,0.5901155365816884,-0.3382485724607207,-0.07054160098972417,113.5173406190125
-1.2277658358924328,0.9164670756613829,1.0930662309839545,0.9939052106223851,0.47175773818221556,76.97905110993212
-0.9176452872203997,0.8867656480060946,0.8438585225497213,0.8338504681874457,0.6925406466663517,5.755751336801209
0.39664802011267497,0.8962592771500653,-0.7251842900715719,0.9578851965782573,-0.12436951421704245,418.795227146308
0.5233510664861223,-0.8878141413018454,0.3917245317167799,1.3799778948763288,1.227015712072733,351.29714243598966
0.44843849598602725,0.28871864330620944,-0.3976684901308325,0.1905143165609342,-1.9936213281899018,439.4864557370832
-2.038730674528705,0.5493232094056251,0.7477845280386659,-0.2879191855806962,1.3539691650829937,1565.49052681674
-0.7616843960050392,0.6168811477487526,0.3335833967184354,-0.05107795555131078,-0.000904400901688529,7.791699805885674
0.8901707426309313,0.8236372343455973,0.6999729974037083,0.5126260807812404,0.2685687571730657,0.5696105215426992
0.96847462326736,0.6841905925054763,1.3183831343432328,0.9716073818823014,1.0641334172422026,139.13624708725118
0.8897590262474346,0.8088013008867665,0.6677532505619777,0.4492151565423739,0.20219089452363903,0.5114035115254203
0.8897756142486339,0.8086575567682219,0.6665708139241109,0.44787212693439926,0.20077054557445928,0.5107891591586204
0.5903580376058386,-0.1803880264568516,-0.32465453091384844,1.066371408354453,0.9370070145586054,140.40580240706439
-0.07912170618495518,-0.6524257130152324,0.38855827911794627,-0.17155736530098964,-0.8690400407052983,140.2938541506176
0.0854856796492256,-0.48585210015179014,0.509956185470386,0.2662130736691073,0.5929887250267898,62.910334512480574
0.863755989011397,-0.3830402056944824,0.019340059987908553,1.2527220269789794,1.122332333891876,308.8861393806663
0.07420923235343713,-0.531316608475576,0.9181138202141019,1.0754113818712976,1.7446985606970329,112.45987195332009
0.8911853515343422,0.8104180666448055,0.6672079515760485,0.44747383196112533,0.19993858209392057,0.501504090248249
-0.8154472127179908,-0.6400511926669186,-0.6073033471445859,0.5436762798976762,0.9472289972505639,328.0254356033895
0.8476413812110519,0.8949718002093427,0.6162465785792017,0.8219782098052884,0.38799960877491557,34.56989587721848
0.5603957645639741,0.4827429499665814,0.7535681199363187,0.8197240164077644,0.13924281056127574,65.21558746748181
0.9119105238162453,0.8616071988355367,0.7636291014963033,0.5988476212619296,0.3716906734997978,0.42086751698176444
-0.4780017719330141,0.2750570586667185,-0.08588046303533492,0.2663551171947991,0.2021974316705646,15.683472653620116
0.8601191972078119,-0.11681244232569532,0.3885988461911878,-0.314141922835524,-0.20678908163168574,121.77398914910087
-0.2438566027492175,-0.14198510647427254,-0.6223665844634172,-0.22788886203962777,0.13406279692922585,90.858562355917
0.2997831996198883,0.21139098799121792,0.19476865753807937,0.25794939907782855,0.4887766451079134,28.709653607239552
-0.7951161542761449,-0.5837684769400602,0.05195139690494299,-0.276130957474672,-1.2959211250885354,360.52039131729396
0.652357285344551,0.8292468631051939,0.4005394214331077,-0.8769765503416158,-0.0009050602021187792,195.48169949374557
0.03666059059761917,0.4797347927876108,-1.1785807399990438,0.7574511790052303,0.5404548535453548,267.34324101720506
0.8863769208131762,1.1875157212349299,0.08853196192860846,1.4126348578413266,1.1617721188753336,458.7384111338571
0.4795385118759481,0.07936428933629491,-0.8731377178418804,1.2234450199471953,1.4195777705485995,106.14135128874729
0.47411311776560705,-0.29856527380942044,0.3222153835375621,-0.3658443381510834,-1.1779042897176404,231.23604701381697
0.2650770621655889,-0.39651384240000365,0.5890154572958943,0.25587948772530744,1.0117362993288168,134.01612938712645
1.8623399979730482,-0.7882532699747105,0.6959931765380638,-0.508008081242151,0.9478504772617384,1964.7666416882778
-0.8143145976069956,-0.1758764098646497,-0.5171463969428993,0.6071890085890974,-0.15658738528382266,146.692369909541
-0.5580839410717335,0.20655591688217223,0.16789089553926173,-0.08060983978405933,-0.6447714299609806,51.18474712825456
-0.15118910629992577,-0.04048116985658057,-0.10142333861674624,-0.8773695336459943,1.7554150637721704,184.55039114858127
-1.536067199247403,1.2403583401253164,0.368292589553481,-0.3768698334267293,-0.2541998106415986,312.93495540921714
-1.3522485910906852,0.85053031398839,0.6342205588414878,-0.09533674816365378,0.2532111913036661,134.05908276298894
0.3942379395858926,-0.4867961845666604,0.5116905136476255,0.4753071323522673,0.6020924916762245,70.59116442064445
0.6795012408138836,0.4112305348391825,-0.6533616081950728,0.4549027856781933,-0.1784152267876462,86.30920685139193
0.8912348286697083,0.09831416658500247,-0.6102750304177209,-1.323496891881154,1.739652628905516,383.3217851251931
0.7530237264011377,0.32209942823649085,-0.5473261489840926,0.6949422899719795,0.8990442716755234,84.34353134902906
1.2153931385898114,0.9536748389045111,0.43768340737901745,-0.152614566479242,-1.567014157477709,316.1129538509157
-0.5745000675631522,0.7300354927648716,0.2954097654150809,-0.5254593809322778,0.8430840899903558,96.70643264639571
0.9132893529867108,0.8619567024431789,0.7508961764248854,0.5620705059810422,0.32020561784601753,0.36645570067385735
0.2841577674248854,-0.3564843505561681,-0.3574973816124356,0.3720770151253219,0.3446663645269967,57.40799186370671
-0.6905921888588948,-0.21584695986689661,0.9869820648303467,-0.017358700184047837,-0.4009284910141142,256.2018178888824
-1.174660335763769,0.2884331349610174,-0.8329432061201298,1.2139267523141637,1.3305733207148216,240.7855852198593
0.3204058775214653,0.010170404514598719,-0.7304828093025937,0.7834383358388735,-0.5003888023615459,189.0920382156066
0.15200859708756465,-0.20983501158935458,0.6131207012529138,-0.1822320038018641,0.13387368129091737,73.70903586824468
-0.7214143408109857,0.3375200216701826,0.32483299731900406,0.12730697438000993,0.8917790064368534,89.12405722608636
0.41355015147551777,-0.33835983093613287,0.939028683588703,-0.055988201486348865,0.4818499309927944,208.04474379943008
-0.9388818418393534,0.8471098235551402,0.7196775017808514,0.4731348143480423,0.1946666608401002,4.5434187833385495
0.09399825551265506,-0.7905590414854922,0.810210232742782,-1.3056243846066962,1.2924748260352028,478.6721072955567
-0.0798789239682669,-0.15436602035125735,0.2579849218276049,-0.2245893770940406,-0.17223967839659005,26.050976697810977
0.9153457177162894,0.8597145438225833,0.7484860508352531,0.5592270509557471,0.32348422707485325,0.35260662253167074
-0.4332288528431598,-0.0722586271447676,-0.16310173786274818,-0.22805742046391564,-0.5783707810247016,61.878431876095235
0.17799624776698408,0.35739636790669005,-1.0873321677356547,0.457802717991858,-0.845925774523518,327.88494668363285
-0.8528506076984224,0.6313851275736946,1.2895473834446665,1.2834688755278258,1.6921503826426116,98.62493247961206
-0.7837293104966123,-0.3154935963002299,-0.30525359502740823,0.5379670422471996,-0.2596632442570841,159.58530881788056
-0.13960075591639853,-0.24003865779760547,0.8040432154334174,0.7679211821478122,-0.06333666225519519,109.49978545022512
0.9162725752465501,0.8594599982829951,0.7471629173496601,0.5564278836840737,0.32143438152879433,0.3485839877938004
-0.4271171174782489,-0.594694904715956,0.19745538169882915,0.34382018836200023,-0.5852904777946684,127.27042486705253
0.9172308616374107,0.8590991775289889,0.7451890759873332,0.5536604648849632,0.3181148315321134,0.3412516694380341
-0.6176249792395827,0.5402398129330908,0.08209890417097832,-0.697952929618666,0.20367190367499433,71.16925631343753
1.4247552657839666,0.8197694520384622,1.2789121902323624,0.5956780585727657,1.446161238812817,410.9810584214405
-0.6946027217718787,0.31147742637649456,-0.725385828465329,0.618497747145804,0.1828486700117269,81.86683803950135
0.8275819073668353,0.9381798468410372,1.234839469090903,1.0062874731770663,1.4006814332794644,61.030531721040816
-0.4833359660255623,0.7081583541598091,-0.20956111918996334,-1.1558203317822953,1.2080535296450905,227.04613818438347
0.9189730988067621,0.8576544954508489,0.736812715374799,0.5426582460817095,0.3029029285498641,0.3297879397319474
1.1000874674825472,-0.16230025115368285,-0.08170936360602177,-0.04949046337766094,0.9901671932337899,291.04773291403626
1.2944823133404548,0.42031364479635025,-0.9107192176163608,0.8407727307681552,1.1124600189017975,296.3955798918959
0.3548693817888311,0.8758794191468482,0.5436610914268574,-0.16763142295661693,-1.095159868717527,210.8673206799937
0.8060972947902365,0.5349922686862674,1.1419076444115124,1.4084944622435742,1.5616044723849622,93.90202825803183
0.9196777650146122,0.8574819007873433,0.733940706114482,0.5403981621209635,0.2981135625793918,0.3265922172572593
0.9200493676924424,0.8578580985722062,0.734183003302999,0.5415043162730417,0.29902630234294136,0.3246748827313872
0.9206210698393642,0.8588090999333278,0.7355005423167245,0.5444941565351726,0.3021879493708792,0.3213081988745047
-0.5331445382981559,-0.3950149928045712,0.5873340337217101,0.18975372100487276,-0.839943869771361,149.00211209234536
-0.3085672325109654,0.47134766855633536,0.512215289897521,0.7629717261653002,0.6040304205163487,49.95505823319889
0.8849764586804572,0.759755455179318,0.9936978139437178,0.365476163647918,0.6782552164090689,86.22438891834564
0.9221053515511368,0.861610619118216,0.739869533548601,0.5537536780144996,0.3123916363863337,0.31282434374699614
-0.4072862854899919,0.7549752322590066,0.06299894928711991,0.28633023562280746,-0.9041036307645047,169.04448008547598
-0.19245439863541058,-0.45449863144812075,0.29275066251132653,0.6850425269247085,0.32197451756844053,67.13131524002355
-0.8470122005753842,0.16227757864078107,-0.10941598892194104,1.0084451951770195,1.8782675815317966,211.4869897844634
0.9202607363685011,0.8618942030840189,0.7345118537635327,0.5470224436021827,0.297035789800697,0.33674940898483813
0.42214949296343285,-0.12397437838153302,-1.0851036727996237,0.25861277199711363,0.9506677747786907,299.2644108934568
-0.7940990352179376,0.9744779611907859,0.7422472747807283,0.7867480699852858,1.8401977111134515,174.15690462103257
-0.2490676655412749,0.19754856164032342,0.6930411029281358,0.8895958776574129,0.4189778018253971,77.54078531720457
1.3085799012605879,0.6699903761226254,0.895901094990355,-0.05749619411339113,0.24055062616131373,209.58503556433
0.13360862526848338,0.13172485340112017,0.39745005407340184,1.034131404142566,0.981537171740086,95.15194394729693
0.9255527565036106,0.8637706087404147,0.7464539852955316,0.5640972076173671,0.32282404258480835,0.2903825021265735
0.9302587979681367,0.8665140417172599,0.7553218500414594,0.5766024523466284,0.33229397984439135,0.2676598703759881
-1.2349245139989655,-0.0876726534347545,-0.6045357725794995,-0.1678480363036392,-1.4290885454852722,548.4849081314421
0.49065794266299134,-0.7302927201579454,0.8571239249286138,-0.35829756429809434,0.2282928522151022,230.34886039892322
0.9072191739105788,0.849016468414578,0.4696589168676497,0.7076194484476259,-0.05454701282248142,61.327758509054746
-0.312336237360074,-0.43058730099208375,-0.1981606813913117,0.10971171141429537,-1.745796826490368,358.096712850046
0.9317060429565753,0.8676877779047159,0.7590960506923716,0.5818924686674269,0.3366884987819536,0.26247054221198063
-0.1848610511519373,0.07896551869072432,0.9056230356288086,0.775124153153234,1.6788382090355003,199.81772781021562
0.9323529075680179,0.8684626533236726,0.7608873969528025,0.584526286473757,0.3394720598626235,0.2597675859012937
0.5287288522255666,1.194067296836709,-0.288457081862346,-0.5282572083738657,1.365902657829325,537.268020227337
-1.1333963115881618,-0.11233662728590454,-0.5863201020845088,0.4966160117896856,0.05892223045564826,245.43044119860076
-0.9521969653322846,0.345564604441706,-0.7726065415135743,0.4128947584885756,-0.11279144030518862,130.19230269482725
0.8320444354999248,1.4084095571082478,0.6736507129683429,0.6863564530585466,-1.0288083477390029,453.6588255417921
-0.2746441581004402,0.9127891054704729,-0.151283220562481,0.6715216766930152,0.2931044732116552,214.6643540573658
0.026729903979512137,0.1939156831812241,0.23175836934150018,0.34261655678575575,-0.26758472508847864,33.2885060486695
-0.5957450296991518,-0.5457129644060139,-0.39156821753063054,-0.0023068869855591423,-0.08287116370570913,139.62148819719232
0.05179554691184274,-0.5530285194062092,-0.09134032623415722,-0.9471651944170738,0.903930823520267,146.2544719059595
0.9322735471333274,0.8671812144356053,0.7602532364556103,0.5841769631760685,0.3386351826350986,0.26432700698390943
0.1760742893134397,-0.026651820507748614,-0.8408018853244528,-0.6245572137192874,1.559860167565993,393.0383481561713
0.9325536287887939,0.8679272945289886,0.7607806664922667,0.5847767613361183,0.3397413973680967,0.2616081137748735
-0.16431975529138154,0.183525048606751,0.8867943126694975,0.06515711301043314,-0.5169177160957641,157.31998746457904
-0.8952980885969812,0.6941196844780766,-0.04619249620815369,-0.02512064571098893,-0.398953855510082,50.904345009026805
-0.01977136140715885,-0.8545071958861938,0.16534714878611467,-0.7964860966238823,0.5353416380334894,182.24206841557393
0.9326880552606784,0.868234102911198,0.7614390639053297,0.5860221728274633,0.34128664802272457,0.26059171475474285
0.7165009621316023,1.4811586128693275,0.46326355939898933,0.4559255391338084,0.9179209849576546,450.283754377027
0.9313545904402596,0.8649658742502568,0.7568884159013507,0.5778937860886675,0.32879710335100176,0.2736149194811337
0.9344036357434886,0.8717517797969316,0.765371509974158,0.5919115649125746,0.3498157150616006,0.249232280973426
-0.7470552655543372,0.22289469550464114,-1.5018533413307222,0.4305984336055535,1.2231553228587053,702.9417129088017
0.9375293163975575,0.8776094990906449,0.7748430384142684,0.6068235597605924,0.3692116895681723,0.23075047889609446
0.4008597889103771,-0.7685694027367616,0.47414407021252414,0.09671072802254521,1.2220090274790327,240.98428576027263
0.938657911582018,0.8760608614086958,0.7635262893082251,0.5848476069595532,0.33391793092793387,0.25843756677700247
