-1.2899038078025447,1.7675913864032746,1.833904584818189,-0.062467699573736324,-0.7350827535908564,1403.3997071046324
-1.4154683470261038,0.8145415838400569,-1.5566825775251871,-0.06071947427895252,0.543693744541438,1293.9926515280943
1.3034566506696201,0.7496744731011948,-0.005893447461605028,0.3555204218884236,0.9001133357341051,196.45636384152482
-0.9891918379524143,0.1892651823192395,-0.3796671189403842,-1.323070981456132,1.9236143342665444,309.7357870531438
-0.8314128092869106,-0.868889330196462,-1.5720721711263759,-1.3036460532482919,-0.02338911142745026,2525.6214817606133
0.17432316916887647,1.1695942630797287,1.4494391006263379,0.7381904675819322,1.3450182291296335,381.1294930355692
1.3369142536160479,0.7627103906769195,-0.0005127135715463638,0.39902502949549934,0.902023499908609,211.5165011179601
0.9300011991956043,0.672554705597598,0.044924966739979144,0.116622032184869,1.4757699410843195,237.20956672196317
-0.6145900541678473,0.6568013822574326,-0.026580759643557883,-0.23224527720759114,0.9891354316393195,126.9452189423303
-1.2981923963779107,0.6281539835825733,-0.03473286294721056,-1.0502070245854176,0.23361594158987842,326.9997605951521
-1.5762273571287542,0.6189079887128424,-0.03256249717979198,-1.4809023414699662,1.0914658858286592,720.2918771702626
-0.789564176777757,0.6577106630674066,-0.032892550104763885,-0.2338998733036335,0.9153371627379325,107.2832005350536
-0.8110818736764245,0.6643602740701717,-0.0625651818581594,-0.18504967944031758,0.5538676097343442,61.897496247846604
-1.2384307608102967,0.658557742146793,-0.06359241794060422,-0.19070486340825754,0.5501265432973188,139.18270682402292
-0.7988147222653195,0.6693369059176191,-0.08576538022532909,-0.14959208636675347,0.26511095298773624,42.79008166999266
-0.7942652598606592,0.6575950946406479,-0.093311878122744,-0.16895786837901228,-0.046056452240052614,37.32355136070324
-0.7888858053177792,0.6450355551420319,-0.10020876408319279,-0.18957329563496295,-0.40862111451124283,56.40552923475655
-0.7927440509242358,0.6548572257299856,-0.08678569340659781,-0.17481425674315432,0.0921849504156036,36.25566478631735
1.1781077375172262,0.5268630005020989,-0.16095069731986245,-0.458143091935989,0.27147255105247137,120.91532564034169
-0.7814674399667625,0.6279278474378613,-0.07748067377138379,-0.22814418978785422,0.021518246416265985,33.84387224396975
-0.7776132012791759,0.6231275254374333,-0.07555645382142662,-0.23723537866822664,0.015829917878168676,33.60450923220119
-0.741448000682903,0.5977855183655181,-0.06286942442459575,-0.28091532607283276,0.03047970638185049,32.20342344632376
-0.7073298692316901,0.5894993415395717,-0.05683251429703473,-0.2830686589678155,0.0694562806919925,31.199342264828427
-0.6943582403598805,0.5889902994056664,-0.06013927948045694,-0.2503850521248463,0.02992877502951652,29.99689211871239
-0.6626400459221815,0.5788012057555703,-0.05722228174226185,-0.22491404737072296,0.03718115404427014,28.121432670221665
-0.6196042378088564,0.5355919410459404,-0.04848066878498525,-0.15042792207439337,0.07561586379373697,21.422485135534654
-0.5958191224969482,0.4842385326707177,-0.041959053758253706,-0.056577867955442285,0.12611773852774544,16.178360835009816
0.6699885357427826,0.4560471732338085,0.18897239322410586,0.12478666354781609,-0.40257801191258413,20.148186037461826
-0.5966262833909075,0.42628767887344354,-0.03293261957174387,-0.044853836739333186,0.17558808668815518,13.363117405445468
0.682349396407846,0.5984878443731145,0.2295469458880599,0.14584441904436174,-0.4438019775157218,27.503028053852965
-0.6049801163973003,0.7005625256358594,-0.0007614073438784175,-0.010552090884508036,0.09839597542638634,41.02069845329798
0.9613950261936148,-0.16651129250730667,1.9067618022107133,1.7868140293484904,0.03708383852743591,1812.5107664506222
0.6580634907925678,0.48640863147168556,0.10269761182488235,0.10106333317291982,-0.27418575267313683,12.979117535966644
-0.65218452895323,0.44769137917335344,-0.015267237347556861,-0.05357824586467097,0.024173444776052655,10.212862804030179
-0.6604460459572143,0.4078359310577291,-0.011347472873723952,0.11636848698280877,0.03594109054025241,9.550031802532152
0.40511829022877066,0.4452368624823131,0.13908405409521363,0.15221526390681772,-0.24161380487105588,19.150564171992414
0.7252610716180907,0.4753271540019699,0.06741986597284022,0.2719642413171437,-0.25728877169882636,22.64420653447215
-0.6870803291847356,0.4240506321870505,0.01793300328725067,0.03856948411098582,0.03553899836226693,8.180383449810714
0.7042694319606393,0.4785303276847461,0.1302125231260285,-0.10779380261715366,-0.1401882324321324,7.210144484580432
1.596077165902157,2.048,1.8350216725552966,-2.048,2.048,3986.2231588817695
-0.33250006908248775,1.184952016961375,1.124595417821455,1.8000124682870688,0.2852681202530838,1027.4357631883036
0.7431184371778263,0.41563881909478617,0.16551250555629293,-0.04688013984007178,0.016032201027579074,4.64142839635533
0.7258506985116728,0.433631534452378,0.1604557483717497,-0.05396882912414891,-0.019879931657532435,3.844221347863779
0.6070877365822311,0.4575412937010124,0.21704484875971763,-0.04452387289486914,0.02041103255325183,3.824077531950018
-0.019468207635009005,0.41628583326604485,0.419095347296055,-0.06830562336073576,0.008526449042986162,32.15093033373229
2.048,2.048,-2.048,2.048,-2.048,8727.181233766398
0.6908591441631842,0.4883985795997061,0.17052778476921793,-0.0076089313687996984,0.03683707809413583,2.8053020003972
0.40403573311442287,0.42011227033691867,0.20643110298205247,0.0349751396372886,-0.024186549510830435,9.010575567753307
-0.42650614768248873,0.23880225431123847,1.6343206387229636,-0.05183243223301992,2.048,1412.9469185848998
0.6819898896465686,0.46025087492997674,0.15559733302460232,0.005727020530445159,0.004418789246942723,2.44872423113385
0.6809105008629417,0.46427690967377666,0.1595576881769727,-0.0006247236462946226,0.00010392443298767873,2.478034516181792
0.3892920010117016,1.0942959953620321,0.971344904582343,0.16066172449295157,-0.23352759105329057,163.0893703995584
-0.8396271850022243,0.3175932208356924,0.007125688998310231,0.13465377620572694,-0.06588862971584741,23.98735444395512
0.6993095825065692,0.45734644422107085,0.1460758853351063,0.0021917502869968075,0.013201301131458454,2.66221136778033
0.672894294741508,0.46535332971324106,0.17397733462001153,0.027346462793341964,0.006536202950938819,2.2224844926970606
1.162122703138822,2.048,2.048,1.5237452724428096,0.7666235173091649,1466.8515155437394
0.6762368755844794,0.4694189992627744,0.17943470691549956,0.035406509757280435,0.0056664968296566975,2.1752207434251396
0.6832496404287656,0.4741692403695108,0.1832764316082005,0.04011022030553901,0.00378255611085887,2.1480880710274155
0.08205228054675429,0.17233900437623362,-0.24546514665168662,-1.4789016175912075,0.6046289039698753,506.8749988244532
-1.6900088731329665,-0.44499033918699604,-0.952756105726172,0.8266992018731556,2.048,1422.1962434899435
1.4829570552186144,0.33096262984547575,0.06419940952810199,-0.2452008299090893,-0.45639418846699753,385.22461131700163
0.6812703701145111,0.45778532170999275,0.20782746932670149,0.06119040962727551,0.003979157944467904,1.9412123308525837
0.6197544799247914,0.45918100580810783,0.182804887879354,0.004589504242884068,0.02975217491326143,2.9096404014824597
0.6700487830098916,0.46005974430874197,0.21646962717567053,0.07455237925819613,0.01367459253241865,1.9686826226403649
-0.6637828315273335,0.32995614187047506,0.29857833551257906,0.3418705548175218,0.2447732833212113,16.988121773557452
-0.3141673507992828,0.13223514233487688,0.17050997995878925,0.1626456391317772,0.07735497608280228,8.3665930169991
-0.45326066465133197,0.34951108133861863,0.266726060323645,0.2820916444754631,-0.09619146739289208,15.293026377915808
-0.47732962520509803,0.263338460480917,0.11010197818082101,0.10440491657958662,0.03635191682511385,5.527649933945819
1.0173850405016833,1.3984621378763578,0.3335922402376954,0.09245177652837588,0.4369893103885234,296.1459253791083
-1.061910618150455,1.7967295112796067,-1.4298956395460198,-2.048,2.048,4370.267864921548
0.4680233948360293,0.32980638329768786,0.1687152722113261,-0.002426618771665723,-0.005170649966741436,4.112265006968859
-0.05259689532845213,0.1613504272493249,0.22520416727199777,0.49914667474005947,0.25236849240572523,29.25418371626603
0.671495312405161,0.45083246293066415,0.19806568637141364,0.050668645706558824,0.012025680544428763,1.9785474332327362
-0.2993121835717085,0.19874325776145207,0.1684666237923662,0.1768427979160383,0.15397921547904359,10.26378241322097
0.698358727230469,0.4790111059610478,0.2203630247024524,0.0927451030235531,0.013068480351072331,2.0064094650731743
0.10250604870995694,0.18830037425232193,0.22934959254802045,0.253891495639575,0.0662549940091286,13.587493897631106
-0.7223133533850588,0.5010926314771478,0.5718952420349757,0.2262780079105693,0.4897064197846155,34.575584112189155
0.6927163576091786,0.48432084129212827,0.09432357466989316,-0.09236187378099481,-0.12130754767131613,7.0537909247022315
-0.6700404699800853,0.510021932602629,0.3767059057183664,0.08086743361486404,0.03717192773633471,6.46093364948718
0.6859262886954216,0.47236712323713803,0.21718443322608394,0.06628778135831981,0.005367303522132882,1.9021910073304642
-0.36003345843861556,0.29719344664550995,0.2815173394659758,-0.1637249232093687,-0.2035377385217081,21.964014779695052
0.7017496702581725,0.9487348740281201,0.47453611802479045,0.4403479170771796,0.110784821995777,44.93098147053779
0.6897515303567396,0.4799252148751938,0.22515026157495877,0.06711301623956434,0.007859204355538552,1.8699090193087322
-0.1250334926726464,0.2646271200378991,-0.15569775766024674,-0.6617538642220431,0.5383731656467732,65.26663963089379
0.7811215535406193,0.8743799110131651,0.5296968000590745,0.1569553588879864,0.3243694807499584,24.004789017897163
0.7134916312131234,0.5241256205112297,0.26870959858418386,0.09359247011535032,0.019052304692161126,1.747504772637309
-0.004893922646822979,0.17132532826126168,0.04122121939418122,-0.488848102257496,0.19105425791461617,32.0742220611447
0.766806521163995,0.5200756407373359,-0.034102480221796405,0.05415070534517019,-0.06877956513812422,12.781968765889609
0.4129576561855308,0.42282375440858155,-0.2122925368716928,-0.1587596143924539,0.22918648529390673,33.46434102394278
-0.31645426310455593,0.15049720420582258,0.05821418471385753,-0.0010938864686877992,0.04444638586604999,4.92344022432327
-0.7013896947314144,0.3840699581264624,-0.2526910289094413,-0.583227901282882,0.5455960246791944,70.62171157857416
0.7460777522354469,0.5825433811282248,0.3485072915637164,0.15961223131444902,0.039073001642916605,1.6090212590998665
0.8815960962572484,0.6373432000357089,0.20249503024593762,-0.5452400685325371,-0.15100854836244348,63.740574415014336
0.2218237194501116,-0.0990924604628145,-0.002248155655747208,0.6061068799468314,0.060064445673084776,51.36635358001466
0.38700891276148575,0.24395287274484678,0.12647104776198237,0.1335852371477304,-0.02477612991236855,5.360765244658855
0.7501879375142884,0.37890113642851064,0.5559525267187686,0.4382133733072351,0.11805021491998113,23.563201087882764
0.7718492845689657,0.6584861413072534,0.5245738141481024,0.33492673465551803,0.14436750445798374,2.51877821737041
-0.38890938864830704,-0.08501771446167194,-0.07032563651414048,0.3810361092482566,0.2902619113266143,27.06779928868959
0.7470050921307996,0.5764955375996621,0.36063655636443626,0.16459087643385661,0.034208532213594545,1.5885469315492378
0.9946045953697848,0.549307960959617,0.09821540127685013,-0.2528876783977012,-0.14294568474443103,37.25524067308396
0.7455503123684735,0.5768946055713751,0.35624534003499475,0.16335276870335358,0.03506795995682799,1.5972336937882337
-0.2041659131582818,0.09974220906238518,-0.4037297476361401,0.8919577707402278,-0.37291472215873966,211.37095239165822
0.7638551022575584,0.5957990562070155,0.3711591448730136,0.1647924004299961,0.039438738390368044,1.4416974265845686
1.0585219082918291,0.4974135587034567,-0.051296118431785276,-0.006987245083573956,-0.049161501940625296,50.36959101313699
0.7890395603769793,0.6227339198199844,0.4008493588194795,0.18420831128409354,0.05107736757141401,1.3131199662683328
0.796911428067915,0.6338900889954258,0.41848321841979885,0.20549711393277192,0.06192672684385636,1.3036210726832516
0.7741951573472785,0.33087471500167753,-0.21869035027384576,-0.2562299031845048,0.1497144348901931,31.492483498861034
1.0111233920344609,0.7372431995972271,0.10088680488001867,0.17365932764198577,0.35310792300452,42.38555166668357
-0.28790551383586904,0.31761599216271996,0.16600050580926373,0.5322831568917503,-0.48376073962047084,93.28942208998458
-1.0120177753758979,0.805120403229814,0.6982509696785382,0.01921151477126415,-0.1845710830672933,35.54301684558513
0.017936749384154904,0.5739615798508817,0.8267806507031992,0.32792264400756954,-0.3867708219048931,96.35138605689421
0.48791763564235335,0.47695045718091844,0.3237117253783559,0.43149827047994993,0.6230488911687551,37.70746166455584
0.07685391479512349,0.3320223741774728,0.5511785669301275,0.36080492534342046,0.9467058141071956,98.98273126236448
-1.405526685827974,0.8909699933986475,0.5389269361987807,0.03539011382913859,0.37300442646326637,151.38572473402382
-0.5805621851312155,0.17307795934749448,0.23623982378945074,0.10970253804843066,-0.41495983014712956,30.024878806936975
-0.691560151716673,0.09425584473346937,0.7315988712094752,0.40623075796063146,0.011534197474530217,75.10372633902571
0.16422461039849434,0.32295625039552434,-0.023937225809922857,0.3324231282109267,0.2817715976917623,27.00198655754324
0.9126010187419982,1.06427308648139,0.6492656136210098,0.07861873369301398,-0.269894180105267,49.09014787535561
-0.11627423122670022,-0.07081969805090305,0.12187951232717964,0.5539992745261655,0.19489698344709305,35.7622742898505
-0.44274366324623005,0.45101045094806924,-0.12099802086473166,0.1540734885959778,1.0286428207533813,124.30852113290784
-0.8177619378252468,0.3004990206810403,0.3562165125072787,-0.09150913565041097,-1.0247040266232699,137.52516177082438
1.0966183402061485,0.7910588420877529,0.5402142050129974,0.06211816148286031,0.9189271203875284,107.82220062941019
0.8992800122657174,0.7645580403010306,0.5729258271589277,0.2951260372508169,0.09194981951463266,1.065250886887184
0.17897751250464866,0.4508921723898305,-0.37710006901800996,-0.115695755618618,1.3098260798317103,230.07501110429467
-0.5209739140484029,0.5630000458116573,0.18515698910134493,-0.19336270168299596,0.05728298621329886,20.0539471382196
0.864896282899906,0.7270827922141829,0.5188725199144697,0.260126873312041,0.06779994682700297,0.9334213773929574
0.34911522886993707,0.43494091459777007,-0.4208659232808354,0.20409664198662147,0.22724903110252814,53.927938275927254
0.8709476810001608,0.7341385928835353,0.5372025852929165,0.28663038592660284,0.08814757625680159,0.874285529715398
0.24830778936969056,-0.12202311059923732,0.24430900205720585,-0.16982675887326804,1.2443278621151745,165.4091458898224
0.9433065058288039,0.5542048108373203,0.977995603076292,0.5261698212232435,-0.8571166081682753,203.80088583356059
0.8718717571784182,0.7348347911190998,0.5442449913460039,0.3048530015497031,0.09399778835721229,0.8512228284928203
1.5624583030389347,0.5376837220346964,0.20355655781997672,0.3666459949981564,1.5759108380160831,583.0268325000184
0.8723833847183133,0.7372753771157314,0.5392395166950315,0.3097591814376912,0.0955413983906066,0.8684994176375744
0.7029300991566041,0.15196879456210333,-0.0758083671993488,0.5134135356100389,1.2203071136319044,132.1884676982026
0.7411185555587956,0.23840211666988198,0.1441274114681601,-0.3845043952771561,0.9519505191259139,94.80520803089597
0.445749143848571,0.9738216693364579,0.789518988899641,0.5410640626635348,0.18599544635200216,64.984005587287
0.869533264584581,0.7374587236474688,0.5524819761959141,0.3167394991914998,0.09919643613634532,0.8085906430704415
-0.8362452750322293,0.7813220355036421,0.6012806669488326,-0.22621522148516893,-0.29006591807155613,51.95315051853578
-0.04788986680983065,0.4082451783812635,0.1454838211940963,-0.24841536856445878,0.21680689457407398,29.934413104567184
-1.0148376044081104,0.7936883895634042,0.7506771584875516,0.5827749705345058,-0.39331238291581627,65.13251784977014
-0.85524205309195,0.6437899970807694,0.5011709601688525,0.2395803188854737,-0.026436940648322693,6.632173443595542
0.8693214571388093,0.7588066423327149,0.5904025519052571,0.355019906256977,0.12018189191757056,0.688917471318121
-1.101595134275931,0.6061028111163198,-1.1599834195743768,0.46816399392365904,1.0461113106654656,425.0573814680801
0.8706388984819013,0.7667931920372051,0.6100478506818989,0.382114133409555,0.13786329811789289,0.6779618602609498
0.6249324163452106,0.28391550826786327,0.1496548245459195,0.364671794647228,0.05028825442443807,15.792934052966332
-0.44665898903174917,0.14687335268673207,-0.3966954841092116,0.2997245891131657,-0.39442885367917,48.51123400283371
0.9093608834809306,0.5203875388387487,0.684616837211161,-0.0595926866417027,0.0376194888042245,56.007293752364156
0.8693773780636169,0.7637429821142758,0.6044924856957032,0.3738761504415624,0.1339302588550093,0.6831084688149341
1.0999333554069373,0.7817371320534208,0.6768375123323112,0.9308438814452544,0.2177892908817971,83.35370089250716
0.7207176868421157,0.9769790867629906,1.3253948404817342,0.6572370157292853,0.21392486860441995,160.6233955300068
0.007282522647861445,0.053360303608439796,-0.09088025981615622,0.08361633234153665,0.07955208364612742,6.1684163899277955
0.8712147327853645,0.7642120555250078,0.6021854903045734,0.38420423895575473,0.1321811096680987,0.7157116484567705
0.1587673796049276,-0.039657671715924714,0.11094593191101243,-1.2400907753112358,1.7082527852974345,168.96905574150205
-0.4789227088711536,-0.00797400577406071,-0.21357122419669983,0.12667666533208521,0.47888378736051207,37.71465777473576
0.9961757185963771,0.6709697288219445,0.3160070867914495,0.362795504477345,-0.20421816584770736,31.304744610115655
1.4136180825271043,0.41163591524107135,-0.01532957156272019,-0.08526678787030284,-0.41191383384901736,276.19807766295276
-0.8415551785759443,0.16645294326763116,0.07812068168230413,0.2874864701245756,-0.6832385654210746,101.62441664064386
0.49213620843357253,0.25903124453252513,0.5391104551411696,0.12547172036047094,0.3475683970689425,37.831025604180404
0.2422289753877882,-0.5090067100965681,0.3124664164160076,-0.10605273145610439,0.4405231688384075,59.63520611058033
-0.2021087541855049,-0.6070884333481228,0.3535694543985701,0.03225973233233326,0.69912071723056,96.97866743395315
0.46151581615378,0.13994474908836896,0.41061088189990613,-0.05080190000495488,-0.030185420405567154,23.22618490234265
-0.7283908271514823,0.5743202601328625,-0.1323195692754262,-0.6370355245397656,-0.7716006939104825,210.15500212084154
-0.8775513420895356,-0.14317453951331838,-0.07774282589679671,-0.501443695395893,0.2456565850278154,118.37714988681327
0.390015920463918,0.3263996106046285,0.5128344601860957,-0.35917589191607213,0.08322529810413748,61.37567831377413
0.05728633313482456,0.08699709067534078,0.14150006413672056,0.03335603754282079,-0.05213152784004271,6.189571800531697
-0.16077965343925804,1.2423828779618207,0.9355900816565343,0.7571487928720608,-0.12945366919727141,237.2010922975634
0.8767756301616769,0.7733770377268474,0.6095326334099997,0.3776584527550768,0.14772594289143282,0.6278701416276822
0.0073772927047159875,0.02650405289320279,-0.8500826327035313,0.4568487706569928,1.0002330925423424,147.81957718726483
1.1141456306077355,-0.014986332300462202,0.5853296653182913,-0.006181204913032534,-0.06584731203655392,206.8927333309276
0.6432915219697439,0.8155329633690185,0.5611958956151022,0.595849666999388,0.9705237318181092,63.507038471553265
0.881982178798606,0.7782978586324294,0.6137488642469098,0.38380072147597444,0.1553440096037133,0.6099154008555955
0.126187667655127,0.40176428146918486,0.24319068590677917,0.602719299579979,0.9185404243816628,77.78820678369344
0.8861324545611082,0.7827939020787862,0.620225287235523,0.39106533957913703,0.15980395653555446,0.5901322859385233
0.8932273008836384,0.34623982234389716,-0.35141890248151175,-0.7101733793278642,0.6213409499468101,118.667026127204
0.2657673571533814,-0.1462249739567536,-0.2552123747410453,0.18582204764994792,-0.01890587618064865,18.186624447461398
-0.7026021614497093,0.31213870608617,0.3832705828694496,0.058614659887155085,1.2828335210085826,180.56889710341463
0.8921229182320234,0.7917349800325533,0.632878535110593,0.4039937051466409,0.16624258104416834,0.5524907374400613
0.2719816464431415,0.29178567421104873,0.5959660010036436,0.4696136342453614,-0.49733560059390625,85.15846941194964
0.8955061753979972,0.8019474393779071,0.6455156325125069,0.41781125296423527,0.17451709658896508,0.5154466230792035
-1.1513447524862575,1.196488021678619,0.9762952716736351,0.22393022167862098,0.46300241938287945,97.88699028532722
0.5836819909838673,0.8017004934740828,0.022964917597720902,0.6483926634571624,0.024952615812497303,118.56635719717045
-0.4060403560885717,0.22139916791208014,-0.6538007026521182,0.525201614708732,1.1298990432769034,129.15625856627398
-0.48205649630239034,0.8464650180222693,0.4659887595901866,-0.005875741629389086,0.04141451792604389,52.64806653105397
0.8964330294900988,0.8083665335897154,0.6550050897005875,0.43036160650751976,0.18535926600933195,0.4936572353933746
0.8965214759241062,0.809157268393423,0.6595183570593655,0.44074567009476384,0.19570167522704418,0.4845835484712246
-0.7899901426753835,0.17675085638597698,0.4233251737651802,-1.166232190868378,0.7155197414453891,266.858622905954
1.175456963745138,0.8778531838174981,1.057940737084429,1.5753455773961873,-0.2291836189812788,789.720894545714
-0.8958735411619208,0.861481296906343,0.7008539408942762,0.38321171863594605,0.1325094998453218,5.787436573454348
-0.7792478450789888,0.6929612243017269,0.5307373391371617,0.11025601348012515,0.293282966728321,16.104236331736068
0.8983551597098955,0.8097378012608001,0.6611627208850415,0.4450312568642847,0.19848430174080267,0.47932219418397076
-0.15853676440054087,0.5446033404956849,0.021921867587860078,-0.458847792018517,-0.23781461580616448,80.36428530918205
2.46303068598408e-05,-0.7884268110979062,0.38314642694972356,0.026088736843941085,0.13940395064607847,76.75749572762433
0.9445639705231512,1.3063707059471623,1.1813314565912023,0.3890566166422933,0.012258606076238188,148.4846322073016
-0.9204892262857731,0.5198417106683229,1.0343822935661917,0.5985018245042268,-0.09347606610105585,115.82373822083755
0.13670834387668584,0.3168436862855746,0.22522653379306412,0.37496319424375457,-0.48940657081403693,62.8543608886369
0.900087412990163,0.8105641957404437,0.6628401589878843,0.4467479252029287,0.1990967127583878,0.47452984438495116
0.9024312039908517,0.8124102498762755,0.6654805101342043,0.4482642739451794,0.1996220575264518,0.46749607601285004
0.9051470020736354,0.8153182681357292,0.6692862127222492,0.4497765889862886,0.2004729370067886,0.4595327290716557
1.1613145370819447,0.3281291552296497,0.8471451706078357,-0.6126898529708427,0.45055476365563063,339.4773991893572
-0.012573493219938836,-0.1784686065156662,0.5272772616325017,0.9918967107048537,0.5011508725396956,104.63561980686057
0.771838618084236,0.7988136536495198,0.35621709859109263,0.2408726030154673,-0.636589292554375,62.7006868518841
0.9058578864458795,0.8176432366414024,0.6739262439344884,0.45237575858597046,0.20161780338301538,0.4533353567957708
0.5756500387120354,0.6761228140530364,0.6867151009553858,0.24692063392197916,-0.23564939408735475,31.95124028940168
0.19413239509203173,-0.2889996358317508,0.4906445452845909,0.5838335435386686,0.219028799031725,43.24718191126093
1.0719606528778303,0.702689852956337,-0.10915813254441487,0.6867814213717196,0.5779713714748693,104.37710464629912
0.6440149689855388,-0.17512284052441207,0.051442280573156474,0.29852035244588215,0.6230812878712562,75.00445990080439
0.7490435786203857,0.8556811170663914,0.31778954445407237,-0.0526107960030322,-0.40871075809539836,46.80058060494252
0.9056445118259342,0.81897499193254,0.6770690504611112,0.4547519366550925,0.20325576873498186,0.45003494472619787
-0.4322841725129034,0.4281688746935539,0.19124183060744882,-0.42633954968551424,0.554178498387063,46.19375285102642
-0.6344097638455652,-0.21197352724685836,0.18643052694785522,0.39780596372759547,-0.23517777589160094,73.58067227994776
0.9053180919991233,0.819554303439924,0.6787776029580441,0.45669196326141615,0.20457317721096668,0.44817921935789967
0.9050490266868265,0.8198602522717975,0.6796743861049994,0.4582634181618386,0.20554415528619607,0.44659378765464297
0.2918552274298336,-1.0473366756715639,0.3048949246738104,1.2434618259907522,1.1566119719601269,343.76713179696617
-0.5394949251434571,0.37180823600638346,0.2873935229441176,0.38287123270697876,-0.24519635836061537,30.896338492823084
0.9045967012885101,0.8202859336293256,0.6806207948274801,0.45987365312599016,0.20639011826575615,0.44527470864388496
-1.2605233030921972,0.6232203559022365,0.5559985376875192,-0.03428156323682474,0.07916039191583435,114.98661593655375
-0.8122136561046318,0.512191868445,0.23682200547216725,-0.012895916001121055,-0.32890164771008656,18.67559711362108
-0.02561083987372781,-0.36241078702039475,0.16753329006427675,0.5243104017455122,-0.5670494055553978,112.65387599171574
0.9047611789714809,0.8209751723505367,0.6811827581381764,0.46193200119947964,0.20730053788499525,0.44213756728695863
0.9052096858294383,0.8225928073134114,0.6822560573757648,0.4653460707969601,0.20917820664399045,0.4368553026314045
-0.0013182397677904412,-0.6926229593465707,0.8057194417108611,0.22003865620780294,-1.4773484506921504,314.32630930694813
0.10191432602795247,-0.8424443281571159,0.6447262361157455,0.5878736742215724,0.12266523837857513,85.58672718294025
0.9066544190582064,0.8262838684331055,0.6839315354601818,0.4697066031391479,0.214015218124191,0.4267039845581669
-0.4056850834633956,-0.9656105542589402,1.2217241936491976,0.0972598287527422,-0.23343927998062508,343.4076575580852
-0.10694620444424308,-0.02009370724320725,-0.5466463048991861,0.6980763388097952,0.17905944647998107,60.21725636662171
0.9083807187567032,0.8295282812425753,0.6858634867280209,0.4732039031783972,0.21849685890525317,0.4197950274028315
-0.26881344605911073,0.3722914779070412,0.16125419965974697,0.5092052955876523,-0.31133173709247397,67.91081948106508
-0.35115539810185825,-0.36696855867610245,-0.024322465873659382,0.22306009766404822,1.347497493957146,205.27471710140884
1.4009430725288676,0.554410983665897,1.2394108668471606,0.44734129068997097,-0.05063258471088328,410.7386079740084
-0.7889775285567937,0.6260013907665658,0.5869684095141072,0.650649171759873,0.19043060057221295,22.235888443269836
-0.3219312339591127,0.0017111825892133226,-0.27290560728405033,0.15916965990431597,-0.27081833866176197,23.046172176642738
0.5638619264355493,0.7690944956078738,1.085890697517827,0.8052544482098449,-0.3188919619020434,152.63696331086192
-1.0343443644384722,0.5614155444329811,0.9751229735475131,-0.1575582747505928,-0.24090457760463724,204.99675888663475
0.9082061860087447,0.8308863747268544,0.6857281111421663,0.47293407328166204,0.21754172904611213,0.42389168684840195
-0.492812915530918,0.6243465471189236,-0.003947155669784763,-0.090500417357668,-0.8293047910019293,105.58303885011465
-0.25308639410682043,-0.2857058242900634,0.8111681261958616,0.3452237147669974,1.2049291845793624,196.81142946783604
-0.1506462120203782,0.19990479960024166,0.3982471167544772,0.4301505481086747,0.6744563969446657,49.955956076935465
-0.11751780197559758,-0.13959501356694815,0.575152303695837,-0.46205865302944815,-0.08921702314909052,110.12153808294688
-0.2190864055229449,0.2668041650341997,-0.2095035331391737,-0.9451011156249327,1.686806052825717,180.7253997795642
0.4832831259487649,-0.2170488353117015,-0.22059630137330455,0.269979537682453,-0.3308042300651881,52.43766251133697
-1.0213379453836609,0.4192333386839229,0.5817187052353137,-0.15115131758520972,0.03423686319861785,85.30727827840349
0.20369466603788267,0.14730779641347747,0.4646922227216086,0.35324391957005163,0.6713088555971263,54.56449849149598
-0.46122666828585857,0.15077517588782152,0.6666095186687082,-0.2815808341777757,0.03766046986116889,99.32497319656952
-0.9249271108380164,-0.5191206078492134,0.776770388207578,0.3233185078651011,0.12119486317298378,229.0807663591352
0.9083532908710672,0.8305088371835785,0.6869660031781133,0.4753229266153114,0.22014074321400523,0.41860448384345983
0.9086733864612522,0.8311373255306238,0.6887009773528936,0.47845739407416366,0.22380857509930285,0.4135103316774642
0.9091513949788514,0.83233672127855,0.6927670327109565,0.4858969886939568,0.2323496946804302,0.4033683219008884
0.9093322083826272,0.833534225911928,0.6970632479597709,0.4940874666964903,0.24102448045027725,0.3962602616495007
0.9092345470163337,0.8343182430111469,0.6991305667295542,0.49831323887462364,0.2446206899256409,0.3950666978699063
1.0641781489332058,0.45021789665857215,0.2511119806329636,0.7579262131642559,-0.4304675666129123,196.9783684280374
0.044604250192840755,0.25212524085858723,0.2934372709208919,-0.15166483511933704,0.8752438128455471,93.1235181191989
-0.44368933907007624,0.47099160506697046,-0.1703464308182907,-0.4162152909103838,-0.35968876191721577,76.85879578062162
0.9108856684002391,0.8363802467228445,0.7016148976668495,0.5030619856092211,0.24795477840297098,0.3898520923936658
-0.48277658618077623,0.2210652076628783,0.038344136612123325,-0.13356629755564464,0.10020703927577568,7.5425398218221105
0.42018687992557213,0.3578971023717137,0.06048783130664237,-0.5693646300730442,0.7626880583568938,59.904358400457156
-0.6545311163473018,0.7433794654445003,0.19479732685972095,1.0203047216353176,0.7280649968477064,132.4728706466181
0.9116891645715577,0.838310234480149,0.7038291511645021,0.5067802857378703,0.25012993556638996,0.38761784678075406
1.065872698949501,1.1637331570483296,0.7766334087295994,0.702246529174368,0.32587603548545685,37.39299554889076
0.9070915343969435,0.9865706035219777,0.9789277794246556,0.5978457004849358,-0.6662611565234986,120.64062155751552
0.19446237585697013,0.06981422053466702,0.7296951897440929,-0.35563675860814503,-0.33117972092706305,155.87963841345032
0.6986295943230458,1.152862469005722,0.7493479566261465,-0.05324462452563239,-0.8743192100057737,193.82356915515305
0.9147091741195847,0.843328079904702,0.7079058547895354,0.5098215774411337,0.24925661457693105,0.38182344762880915
-0.9337255988929223,1.9020746514109317,1.0470728861398082,0.8952326247381022,0.9263633952965771,777.2187104506596
0.9234869698029562,0.8432833125833703,0.7037117718812822,0.4970172682538063,0.2419750914099419,0.3886792084274284
-0.702559062486892,1.1219030599975848,0.33232171610666406,0.33548827627270006,0.6757125851390531,165.86994179247634
-0.8317709862701921,1.480431250771928,1.0439803521342492,0.0326900971585844,0.21484663195059506,314.7699753260482
0.7668662806753304,0.4821112782396102,0.5131481591998108,-0.8185495633917428,0.9844994317861029,139.80384017785246
-0.5000875784040077,0.5870779183632662,0.9938471054769855,0.35938154580241477,-0.1887515131985622,105.9206720278391
0.5453302018346604,0.13808363407182966,-0.22819720624548978,0.24823753573390572,-1.3753676191974207,222.01679133971382
0.7045956119908454,0.5773372241898613,-0.1847074712284522,0.8088358332153534,1.227159010604764,122.04063162464189
-0.09798491233293083,0.37698097010228127,-0.953797788774166,0.08553735010702024,-0.8331926253373882,278.4214713484397
0.20888676517120786,-0.38622930253009513,0.8147776047278348,0.46302643844964475,-0.1463289792788609,82.69688095185857
-1.0874600646243788,0.8704958093971684,0.9008446601325777,0.9224380538017858,0.1534900796884311,66.04353378240893
1.228544129667056,1.0411309788435554,-0.11328210107341818,0.8748434028426124,-0.23064682871570397,340.07389023493636
0.08250244024204267,0.23045096092210882,-0.20573344265802618,0.0018953822891076832,-0.49498703248043796,40.25059938800702
-0.350622134524458,-0.5556351937882766,-0.09138578879687165,0.2846457682391774,-0.7169445789634736,139.31132757962882
0.39573165502846486,-0.44972977625058586,-0.11592762655505884,-1.1660742599333038,0.5438248313319423,260.9873699171932
0.9191604349790428,0.8444087835600187,0.7079840122757006,0.5083413353119703,0.2481063900890912,0.3759668749837753
-0.5133492471145078,0.4447369538343495,0.5695155695434448,-0.2185000232159151,-0.0024517309091938166,51.09054882856119
0.9188011549659589,0.8437172875434498,0.7065482392145142,0.5060774324870625,0.24661452889178337,0.37767441014160313
0.5284484454236011,-0.4182232877724259,0.1871132378998115,-1.1306359273930568,1.4248748422521387,194.11766085365062
0.3625601170366042,-0.34534904544477296,-0.24087010578399126,0.1969412527200074,-1.0188849550401895,153.90118236829034
0.26822721708555486,-0.07259099385817036,0.11148148299206673,0.6800606419262096,0.3140897548773647,52.57031665410485
0.06449973133105447,-0.3235433993902239,0.5421749639791553,0.7574818079996368,0.2133712862483228,67.24964909467731
0.4422451256601816,0.39396177290801404,-0.04894516487780387,0.46251566873437167,0.5258167702827574,41.06977424151168
0.37345328613723794,0.22228476055809798,0.0012537701161421388,0.463780859457926,0.11996050868796804,25.614342078257735
0.9186636400179635,0.8435275432764979,0.7067904998766554,0.5065824697533388,0.24743840481488366,0.3761861411103405
1.0018451369359975,0.49548810245274266,0.41714104354598147,0.27445639148515877,1.7390933179100903,307.7148193156298
0.6188355388155711,0.30956040466287815,0.8165628850920612,1.2275817491301773,1.3420056811914445,87.36339606650128
0.9161407467217821,0.8405660880929036,0.7071114126663431,0.5070085997791085,0.24602826866919747,0.37853171510210926
0.4847458787940844,0.7435051169313467,0.7992203993366274,0.6657537673919083,0.09425084308971066,44.6669568148149
0.49656473858074524,0.3255734364763052,0.7186817064962883,1.5166912290446843,1.4766100827065642,207.1092755381122
0.37187922561513664,0.3845119240822763,0.30388865684603905,0.4436185272468074,-0.08945541163020931,30.59777902039624
-0.5390215243015131,1.4005344851730643,0.9676257684985252,-0.26373148239920874,0.5146253583692157,389.9291862067379
0.5928252114359887,-0.06119524145776678,-0.1363034064365729,-0.7423201872664764,0.6876073336226254,84.36885361011429
-1.1876400549311343,0.7045646863152784,1.1689761774534713,0.383262259566723,-0.31251633272957524,218.13130982358808
-1.0031610364988248,0.9515895276546775,0.40022967851755453,-0.4266661392885762,-0.12649420195522487,76.20073602559879
-0.15036742531285108,0.7949587225358057,0.6988974963214392,0.001701262460545916,0.15694008595542375,88.70903257469539
1.6035134997446279,0.6924731620504203,0.6694020470567881,0.623031051049836,-0.7760769423980032,495.9047550968709
0.9188473467986946,0.8444927024510767,0.709913127768699,0.5092362431793096,0.2530223241913405,0.3635659660010114
-0.19688492832134807,0.5085755993912398,0.5014668369384498,-0.08277319198872801,-0.4606827487752976,64.0939340582458
-0.33847911440347245,0.5360753515010273,0.6687656194088092,0.11654898376031175,-0.6771525813142822,93.85733829852802
0.5952500982353373,-0.36646282494553595,0.48208897037076337,1.3839674425215516,1.6674140827170834,205.2524602960598
0.9342866069663383,1.2004425061515724,1.4233420051302312,1.189760348804485,1.1875699348247322,86.13002048008624
1.0530213320422082,1.146167516861103,0.7813731246942268,1.3895588701577628,1.3326236397414783,125.17690304220716
0.9351585492298753,0.9705598375169093,0.926755036197366,0.8902982110709781,0.9040693692411916,2.308601481317192
0.08665232893064756,-0.4942761971470755,-0.4795312628618913,0.5989224572638343,1.6076962130737176,252.6013873530307
0.9571126444596127,1.0254173894119902,1.0267528992355537,1.0834001040564183,1.2610343972673355,2.1140012351751074
-0.5457457544769349,-0.4834648023867185,0.6153013763911472,0.8179844356724231,-0.5635760817991393,251.62854924411377
0.7453612301211052,-0.15649815218179097,0.45381156322455496,0.1178431367256132,0.17769184325360277,75.0729637351269
-0.67579751721857,-0.16866945694385094,0.7308234029268088,1.024160606318675,1.949927594737988,197.888874768422
-0.10611741327560464,0.4893202754176005,0.602181013109397,-0.6967330813055816,0.33913460969567666,154.8977957662184
-0.24983097940660715,-0.6220709554109856,0.13506729390204342,0.9138877215358128,0.7191345514479672,139.7113208197393
-0.282352969396209,-1.2616081347044408,0.7091668007540219,0.06950350335302469,0.21568658599310941,288.73603282062817
0.15600616341998874,0.9022481861225264,0.4025158848680981,0.9016814596139842,1.2866759727048036,172.24151015883223
0.41790716066254197,0.44621902987129003,1.1380990677940774,0.939470669357052,0.9157787066923793,108.98251847768361
0.9223842732382597,0.8520918809995819,0.7246156956627878,0.529899825269474,0.2800540115934247,0.32749872044508116
0.44593844704543395,-1.0224939060263076,0.31992257982796435,0.8745829770031093,1.0087674668251907,272.2735288219195
1.280322779510564,0.6153262290689012,0.20185624134293567,-0.3898628884998647,0.5012202094629048,141.49559076857827
1.2633057450998133,1.0977079633508637,-0.08589713806066968,0.38239127911986204,-0.7282373577375449,283.62665673622104
1.1760319647446482,0.5596458813260545,-0.0209185081965102,-0.18703823139374665,-0.19379340887691576,90.38821115829823
0.9270617737334046,0.8629905796053943,0.7458140133285474,0.5681752825320019,0.32370163294734056,0.2908712022617753
-0.5894930552058717,1.118013902188391,0.17660195691675984,-0.14932657513813896,0.09021564927407644,182.83672996793894
0.09926036070266919,0.39844025715232867,0.7037364748903139,0.7078461689619098,1.68863704821036,191.7040145213541
0.5069253583760887,-0.5373653883006626,0.028772336588323455,0.22420884020571563,0.17425067104186187,80.53562517506298
-0.05182753080949398,-0.4687591487594449,0.2242514150780992,-0.2682050454536107,0.08167789841831663,37.85514663222522
-1.1637795253213938,0.7753416989613875,1.2211083950113881,0.810987803963795,0.7671242997903231,124.2335156739869
-0.602624451678337,-0.2994100088823588,-1.147681374489836,0.017484460750291753,-0.2643963295947387,382.7577626896776
0.9275848957040762,0.8645638715065402,0.7494282147117004,0.5760225877875862,0.33285435056226254,0.2890245127480371
0.9276654321676325,0.8647908682257772,0.7500123493664224,0.5772373166122167,0.3342663800961829,0.2887625121108297
-0.5445543114592095,0.30927022168724383,-0.11587809541989924,0.5665252792821303,-0.30953908800656893,79.1298302262469
0.021923276238447365,-0.34867030902343177,0.16872017402436068,0.09091550957179795,-0.5750339178850778,51.119773031012784
1.5804051268200827,0.8903523427945852,0.4396380665158257,-0.1628117160000524,0.5366009583533957,311.5323315395414
0.9261352878466478,0.8641599755197236,0.7494595911403117,0.5702689059131014,0.32540411557801363,0.2835729662393701
-0.20649703504822448,0.504305668790316,0.004676507526698792,0.7475558450798991,0.21700657127072676,97.86726263256935
1.1681603359755957,0.4684012411612284,0.10801953317023605,0.17606139151401212,0.19092483681315509,88.60308227695668
0.47310395595974386,0.04759364986613157,0.682121373190685,0.43799855227718565,-0.16672791430112466,63.85964001193692
1.0765396921923651,-0.25795573095285307,0.36281578950059235,-0.3164347571454804,-0.007181904963970087,234.49216512842216
0.5257182720636875,0.7424698541732853,-0.8570854906423622,0.2956272037102696,-0.6506247918083106,298.0410023800888
0.18261075558561268,0.7785718203621079,0.12047950008541086,0.5480416452016468,-0.49416979361320945,172.4120993608717
-0.7577580799498929,0.24328704824621106,0.5306324417815147,0.5910432571151061,1.1216289673364086,106.44753132397162
0.9273942084401976,0.8676567317695869,0.7557475113106529,0.5794044110900569,0.33496283016233486,0.2728316901405664
0.930133641986381,0.8746386129502755,0.7668016406525373,0.594934707861575,0.35260188643620394,0.2534006248248864
-0.5161826686546904,0.12689158681009705,-0.5723446627102391,0.4654224032941774,0.008608885490518414,48.62043398900069
0.9333170407311808,0.8823601248305835,0.7794203207258552,0.617529768362695,0.38086310893176023,0.23611190502069462
0.9338815296065723,0.8857349540944868,0.7856871476808975,0.6294634265430088,0.3964579435996427,0.23407680923052837
0.3491703797716932,-0.622049687116192,0.1450794022598143,0.39590595565448705,0.11616629322212146,79.56594317753796
1.3961810968013082,1.215140531801035,1.0339406140446847,0.6097928983314085,0.36474728605805584,94.9458251800566
-0.06764121096226794,-0.039695026874838835,0.04841902269583631,0.7505862206928264,0.4102805222933479,61.934470314217265
-0.4192858957473282,0.14063017612580753,0.30092095613979675,-0.08170792981683928,-0.4446312876475582,35.774830741489154
0.5238535750862598,0.10078687336997261,0.7009877660173847,0.7147585261387208,-0.05837276055459406,89.34005037542123
0.7093371474820995,0.2549755661251867,1.2879849683361475,0.2579973900254653,0.6046453825380569,382.20631038410556
0.28443064352827285,1.407539098829698,-0.20946926453577053,-0.15773123455285942,-1.3629161357231308,856.0288056771744
1.2900828441792211,0.7901485614830714,1.0559047157504846,-0.11062620074154639,1.0814697890330423,360.93213939810613
-0.6528807732668354,0.4601043431441938,1.0032539222516705,0.2124874664614791,-0.06763875202937464,130.73534001341582
0.37262106495567915,0.39912761401566454,0.4276217095896211,-0.34039783744177776,-0.3270659614159088,63.8522622873882
0.7079893615410864,0.22717506353252537,-0.5164276574488036,-0.32476505249569687,0.5005362620647933,95.10558974287912
1.1647143642075526,0.593661870639461,0.8105737355249176,0.742997066776204,-1.0813559408686004,347.02340840066404
-0.0218531864265894,-0.037747729080232606,0.09821687392847478,-0.26499466463099397,1.0622502517417978,111.57226563114978
0.7545447823544205,0.3602325826556365,-0.7800964089428484,-0.5824469093985569,1.2080265129283503,310.6258646070306
0.9415615271477509,0.8888729633651669,0.7953325403514873,0.6386031008765354,0.410483054966559,0.19592071825846893
0.6074685648208784,0.5228771551597351,0.6176011293325119,0.6698545445826554,0.2879817710803594,25.753624609184225
0.6099360222356291,0.1004254007074068,-0.3602761739356255,0.20854304206751717,-0.20507035914818927,31.329666462184143
0.6646598892696716,0.301198154171892,-0.11190393592712189,-0.04644358272009441,0.4628356485502749,30.584113916195037
-0.023998191365075083,-0.3805111878054559,0.7243787624077416,0.5521968010712328,-0.552221511523697,124.89092606614611
-0.5634232682506184,-0.20242728776201013,0.6627853266022448,-0.5613655189995586,0.9351147979822114,210.70106817226778
0.42149237448972565,0.08939360206937552,-0.16158461045722872,-0.23854619557092738,0.6623975286095365,51.36824341000239
0.039514078894374194,-0.5841697231409246,-0.22401193230284333,-0.15608028452694178,0.5832662782394364,108.01942248916538
-0.2755587850396195,0.7113062632232605,0.6580848479126558,0.7477903731859765,-0.3457784601850584,136.37657999141112
0.9162795849878393,0.8281274239364311,0.5087433408325501,0.6828136766342228,0.5962584893604923,23.194014143557474
1.2352938252583368,1.1003317242148323,0.7701896749082562,0.158525503247263,-0.2205876535685125,63.280294864998545
0.5121224165459228,0.2539271869847073,0.05760929113186597,0.011544722190406365,-0.0023158048314892987,2.678838107967186
0.8439309346023514,0.3666436241939399,0.2913353954226139,-0.021658886654749132,0.4568867265146932,38.34243994314386
-0.8645611501483932,1.1723188201953176,0.5690868599593366,0.03300884249111302,0.3062517197176615,105.29073703413236
-0.12578943753305394,0.25912148297801485,0.24052889939230582,0.5537402721269808,0.9735777007782622,80.59035353241498
0.941754208697267,0.8825845398826524,0.7887722167306079,0.6261408274186904,0.3802050780772932,0.2286860138800584
0.05990400151839159,-0.37990614501403974,0.34725309677804006,-0.44222384104233936,1.909796182541521,349.6539106244956
0.36245345521383987,0.686527673725386,0.88204523031603,1.1158612713302043,-0.5158134469143467,369.734012734788
0.06407976209754063,0.3794744638118295,0.04488040458474618,-0.1394118469290675,0.6165255079799996,56.195892624512
-0.6190842463324482,0.46746692629823894,-0.3987669774519036,0.4070517995998264,0.877640315674161,100.8665114226408
1.21705717160772,0.6654210137564043,0.9182505610461837,0.919673629094484,0.7836390496009353,90.30451818215357
-0.16607378495181901,0.4133114531648494,-0.21586255366662543,0.7513257835557026,1.1504305415564327,117.07265755348203
0.749324600994071,0.9546513567957984,0.8995912897018408,-0.5934219738524105,-0.23543276468651997,249.36385086189918
0.4707382177418422,0.850828175004422,0.546517985806565,0.8999873839385026,1.608849108899593,143.23471228087465
0.6494176298367353,0.3443766281029985,0.8018451951117069,0.9482138353353537,1.2605023913411206,70.25503949236425
-0.5339888618430166,0.5522588117137648,-0.01580224027182986,-0.19086598286517487,0.6616463229414551,65.17147761877027
-0.01258980681984223,0.5739764376132133,0.26823592310517785,0.4871884058663447,-0.271654106725598,78.45772215350397
-0.2184301333936196,-0.4120984633743232,-0.21836719239059543,0.7118003848011645,0.25720174947678176,91.58589932564044
0.47509674403704905,1.0941410757754255,0.7627795908186403,0.5247969591674972,0.7435015044962463,117.0859340169777
-1.2830150395851834,0.9969840028800872,-0.0016889273889968415,-0.7574953103257911,-0.13071714216094144,257.59282792738026
0.5987032635161187,0.6042377071967904,0.12712026085267114,0.9336591686846183,0.5044425511581578,110.45873598052611
0.6525374189546116,0.31356712470732573,0.10118829376308991,0.038849764220266536,0.1764016222023952,6.72473821803823
0.7304630955998781,-0.09491987075362474,0.6865869160798899,0.10718069846669076,-0.6369929584339304,142.89708169436435
0.7713175481924495,1.3298022510642817,0.4241918886200846,-0.18468797415962546,-0.5666434707579839,285.96797503160957
0.9492900325402545,0.8976394944416981,0.8146993032586982,0.6705647206142897,0.4565782723475267,0.174598582944679
1.0648047076127822,0.1319565937231877,-0.10431034847821596,-0.9518353350673034,0.5832596841030631,210.7370700798392
0.953269506122874,0.9037063710895885,0.8273410405541317,0.6928234980694277,0.48860684736650883,0.163835413425587
-0.39353124788570004,-0.03621425300041059,-0.4823614419509341,0.678033015276108,1.038889716415703,85.7392084683593
-0.46328783326822576,-0.35218229124717393,-0.21531003818584815,-0.46826541834242197,0.08043097762304274,79.65743647568249
0.9625249161528053,0.916973579948023,0.8533218099837057,0.7381957047561118,0.559013945985483,0.15282310346057543
-0.5620277953090471,-0.5382082883835058,0.6765222112245524,-0.5029262524769027,0.5486266056426063,196.1011571704524
0.14547467574361672,0.4027926231981618,-0.4065529038956843,-0.19001840718974883,-0.3585302591510009,79.59620973444437
0.9623356671279764,0.9164148921756494,0.8521577757489012,0.7364168314568453,0.5557896479155158,0.1529950749725309
-0.6114669224444438,0.7130825292946938,-0.008912856695034055,0.04155484283775479,-0.32384900314140874,53.66291587731412
-0.2473346191848127,0.04337749166374216,0.0467232281815515,0.2141242873501188,1.042893607459817,108.13171900707309
0.34542235604132543,0.1209754363587967,0.32815958096118125,-0.510158733539338,1.4775076760811854,200.10540918562674
0.41942236805849653,-0.5506260593622345,0.035268461591197564,-0.36120573601356964,0.513128989764831,93.2692464447268
-0.5308209887559088,0.14143629281075754,-0.8693102294171786,1.0306362881060238,1.9569684071122584,175.25123909402393
-0.8634233487425542,0.7258193669014781,0.47835254206387345,0.5468483446532519,0.23955553003490326,14.766571854833005
0.4336497793757266,-0.0936663594193119,0.7245383256217344,0.905364653380456,0.9756954893284657,77.67518232135461
-0.6689053563760048,-0.14675290893010962,-0.7577724514314412,0.1732624311000408,0.7394712905753491,170.32038627735707
1.148405876060473,0.4869544907954855,0.2936238916203906,-0.26846330496379056,-0.27481316011843226,96.52775496891627
0.021399172836597646,-0.89365901339782,0.35937916515414337,-0.8268461809834919,1.5692469804128542,277.34705185034846
0.28824061201655127,0.005822897913110303,-0.6150252574804629,-0.01920306787979964,0.4825828968317891,82.61917942716576
-1.4376944920919064,1.5104192149613782,0.6460884570315053,0.7557894055156558,0.735414492810369,318.92022708133294
0.8315699750597219,0.9312767975928788,0.6184857551394778,0.563874684475282,-0.1336437936163133,35.99031042513927
0.9927525020268249,0.9609686914119511,0.9393794895101735,0.8950524620839455,0.8109323266008674,0.12761960033627878
0.7070201902513751,0.8483390725889044,0.42910278025064397,0.5937890854520496,1.1878012509591658,107.7264382319009
0.39115173700790296,-0.19612445894510921,0.3049206044122039,0.43252553661800563,0.978967400766698,96.13338670312966
0.24693119540497088,-0.2568008364781136,0.09553213800591331,-0.0351202665095518,-0.50627223442743,40.17385315067469
1.5214663852763128,0.5031124295101015,-0.1342815608123693,0.49275640804364196,-0.590747969077561,437.33186002296713
-0.8326713571369262,0.017311134241371207,0.03615912728368409,-0.7314835644208872,1.6178783137503072,225.02773887669616
0.4722514917861895,-0.9901307859705715,0.030226414633710785,-0.3334752100463876,0.19437611527353305,256.2801054456866
-0.48608879384910275,0.17283398201438072,-0.1462254257485509,0.11197730107264414,-0.17745567500168669,12.929212978009492
0.6329613378732493,0.1330705210809353,-0.4802970747519335,0.7486473810157102,0.39646062509870905,64.61944560616023
-0.4382114095877574,0.4921907968813204,0.23020850980082752,-0.5169686305047974,-0.4341170938981045,95.92275924257495
-0.42328445919852653,0.08271362081351619,0.08653730498219048,-0.3976285686278147,0.6359293706312448,46.463733315299294
-0.25430441533118975,-0.6196440447356051,0.7266618414457873,0.0661620377149128,1.067086936654758,197.98454743702408
-0.7720490765995554,0.1386997156237295,0.16469736393860224,0.550048478932085,1.5858597980652576,219.84828209489234
1.3038145204256888,1.3024032527619123,0.6405643035763111,0.4130230175466405,0.755194758207363,162.0857781495282
-0.7498953105617372,0.7675817019858795,-0.14495233308404787,-0.12961751816794442,-0.08313434321565061,67.0782719550587
1.0082575870142585,0.9944104067678952,1.0067394248540054,1.0146798547291525,1.0813102349123587,0.3493049780782736
-0.2290102372110805,-0.23357552346564892,0.20934223747421532,-1.0366611405006527,1.357094792199319,143.1033824496868
0.46053351877795157,-0.421430551989745,0.6043708947560011,0.8562645967411675,1.1715479176792294,104.16065519143967
-0.3239349779909202,0.6324899427042947,-0.7673204496573074,-0.497527373215668,1.900368922486983,562.5522984646557
0.474577658276512,0.6039018764460709,1.1011917690980688,0.6792048833788304,1.7846262061979115,272.695838696936
0.9704809481344121,0.8018437521953268,0.5555483664369225,0.31819959684301224,0.5216768320422873,21.111136393047765
0.049722839624155135,0.25763898570763333,0.0264592129523451,-0.887776754185944,0.0440141373242402,146.94852579217365
0.9850582695995485,0.9501381168282617,0.9212850160225603,0.8522025678206671,0.7370237079477211,0.11865885954529753
0.5174654570239587,0.37307082749430975,0.3629087712105905,0.49362605240627877,0.405925546822568,23.13400914867665
0.5683760680511538,0.6131018419186329,0.4594762670371759,-1.2776596313938855,0.5566279940032475,352.3050153633331
-0.6124629500085346,-0.16423237510657773,0.2917401881643573,0.888616918087997,0.37272663097872005,122.5124690157109
0.007306415069977756,0.18722330119064257,0.3449693011111723,-0.0828798857668589,-0.4891957403226086,45.039569902613806
0.9880357171547538,0.9590595883080248,0.9350684904972959,0.8844790033755552,0.8088402319510086,0.15281221113683757
-0.8395404332663636,0.0035823113402457807,0.6590259841095185,0.7770721384421315,0.181554395020191,126.7279571977636
0.19995161904118053,0.8907815981907183,0.26096465476114705,0.5244359368550926,0.7881402758765574,149.32100604839533
0.3270138786307091,0.4625706497238027,1.2304530101388838,0.5884483820235578,-0.7311870142040298,318.694090025047
1.1808386367058805,0.6801088270360829,0.25628687356063606,0.10251201501922136,-0.577380239232544,91.46328730422914
-0.3385819258537781,0.305019016314644,-0.02031308560960543,-0.4893907002088773,-0.6053285651965596,105.80825274567042
1.1692734295597873,0.587200441584109,0.6377107141950615,0.8523610356244293,0.9880059218023427,96.4726390187058
1.1736433982941845,0.7447012200306511,0.30444643811272387,0.7262433539400859,0.0044384048537327025,114.43767415748627
0.16221765921528597,1.2834325397675466,0.5275920251979298,0.698474430229389,0.647995917678875,304.6971708243809
-1.4128888983383159,1.1805647550944922,1.1265129676472387,0.4512205676105885,-0.06855578336752743,154.1358705740115
0.9724299296915424,0.9482368269586532,0.913575773475801,0.8407768760809549,0.7025252071551731,0.06345566686379955
0.9367402652435843,0.9653929881030199,1.107136552029314,0.6783118566834476,1.1918576618195686,87.47575042413678
0.5761191269351178,0.246362437459696,-0.06874250935874815,-0.531388886054246,0.10005864496158523,38.70805508862265
0.9690040700095999,0.9416897941378464,0.9019546779757408,0.8276193960364533,0.672098991397871,0.10385496479487696
0.9740643270838394,0.9489980738605701,0.8994810906715038,0.8062690747828132,0.6453874543726168,0.05401291657495627
0.7429869679408818,0.7216607199142238,0.2349421706426491,0.33534405954888147,-1.5463668191050988,295.2366037970826
1.3867470048184014,0.4419199209331328,-0.9893466855569639,0.8978954238562031,1.9934614794210637,505.75566791605263
0.9893442659761997,0.9969243791026439,0.9836028007527355,0.9621032908497886,0.9376831636592273,0.06256930602475899
1.4584669456608057,1.1849553540723101,1.0597038827848109,-0.04450373726544932,-1.30255025318249,408.4497687651917
0.3952186235744528,0.777928676572802,-0.7797752277666334,0.6068728101967706,1.0306979059768433,278.0782761470335
0.16459565388362352,0.08426076470567434,-0.028645836518586876,0.10564329328999866,0.5097186963266216,29.803877416902274
-0.9785350853448147,0.365447271167322,0.13994144198092417,-0.795754595037865,0.701191314965913,110.28165562335589
-0.6962212037349753,0.36892008102457563,-0.7747829891697673,0.38289426928697345,-0.27805700104634656,113.8783785682991
0.9876084036932888,0.9813057636082672,0.9729971402219695,0.9468153959773087,0.9024629704552014,0.021261231706500593
0.9830001084046729,1.185241646862902,0.4334754769901248,0.06592876574213058,0.014917257117957217,101.86765362735763
0.9703607016536053,0.9412023106928746,0.887375478421701,0.7871125018313605,0.609492532956629,0.07270377639534355
0.0997080001105326,0.7536421161743876,0.4985244798126667,-0.41669395099339046,0.9881222271059444,169.51208546443206
0.5341516178578578,-0.28696150738289505,-0.5555535595645458,0.0007089710471195332,0.06954249388507394,88.69943817702628
-1.087426347397656,-0.2501283802142529,0.31671422914948755,0.1547100499368117,-0.9961208180977281,323.1494538985056
0.9843447732946129,0.967274617308576,0.9340001153253406,0.8688327923788495,0.7471079916018057,0.03068186790017051
-0.3921189944926695,1.05034245985967,0.44967458848426434,0.5752656740944833,0.4403458190442655,140.63677654211452
-0.7261443235645597,0.6449126815239574,0.6440682342266904,0.1359856246477733,0.11953709583289518,19.364080169502515
-0.5638777465253542,0.4118679608009348,0.6646360383008583,-0.046824752841625905,0.46343675904138326,74.5286882263477
0.9888748499864413,0.1303166310136925,0.3660347857728614,0.30551343471240155,-0.6395064752691104,142.3082022896205
0.9880780482070564,0.9787464323592636,0.9596896801500425,0.9209705745045831,0.8516335908231456,0.010556477640095971
0.9770032315320503,0.9494814201268458,0.8996513839730444,0.7980765429674586,0.6196474249588357,0.09944100121597005
0.9525832397023732,0.7748885581725502,0.38130846892192016,0.4319546180675733,0.3686056537911253,18.84183545879705
0.872853963159955,0.7575484588998997,0.5719483997263186,0.3244772733753525,0.09489406980247406,0.7282512516325834
-0.03873496625454331,-0.1406078115583287,0.5256510550105968,-0.29292194464885557,-0.4661252105854288,94.75248748248771
0.03195169831872269,-0.2778481463025404,-0.6342111956600383,-0.031574091139394245,-0.39927275536693374,99.53177691515454
-0.7728363734653287,-0.4327500697614546,0.05524867795303212,0.4050150024165138,0.5550577339100435,145.72780039887914
0.40618573333383257,-0.37848896803554166,-0.40077224063615,-0.0372680110144592,-0.2954737314141871,77.15262073716761
0.988321110797723,0.9791691231998056,0.9598027538168035,0.9214519533496133,0.8525361897840185,0.010237798348321588
-0.4788851226961346,-0.08441050334157496,-0.6360683456912581,0.01059498871769815,0.5096963245753487,99.72208812162066
-0.8431079025369088,0.3407766095723419,1.0592257493137085,0.3349564618304277,-1.0585715737687473,305.9215988891002
0.6533909282023105,0.3553703686401448,0.06837331479844755,0.0525343660093589,0.011892056107302817,3.3860400470062286
-0.2628914419091435,-0.14554286793003435,0.6185051739073235,1.2318821863419247,1.2626431320227,122.02721572090474
0.9886396487408184,0.9777654260441535,0.9568765847670058,0.9172630868310176,0.8420258944872643,0.00972884950093582
-1.0475697208326777,1.1027624878352946,1.0173131448688424,-0.62157477218952,0.9512404433993442,317.0958351562883
0.1158307694180265,-0.12729213418700414,-0.09681343625994843,0.7111300649230903,1.2763779010209149,115.23600852698482
0.33418389331332055,-0.4400768549475811,0.6249801427669768,0.1539435602712711,-0.4116297816046224,76.9717872006759
0.5146787636752808,-0.43067501289995436,0.40206573445633875,0.7500280134367272,1.2422474960031038,136.59294768361042
0.8305566931560695,-0.4802961695606669,0.3006388454673101,0.02076465760620616,-1.35410901280515,325.0381697772292
0.8467203219968158,0.4848700372417616,-0.4323202550778582,0.7438783659442119,0.7239755605666041,86.26979920555034
-0.9097450757115177,0.40405771674839785,1.153012804728335,1.1805553454199065,0.8935284168262081,147.19556489358786
-0.1555296761691467,-0.06758391589634116,0.36873930527869714,1.2562081226631516,0.9915382966092734,176.9377342819625
0.6563113267743828,0.43015760789425084,0.06437276391325719,-0.42504953692544545,0.24879448377092883,23.689822928819382
